65 140 0.877541 137 546 1.23169
65 140 0.599564 375 436 0.942035
65 140 0.784681 45 338 0.593615
65 140 1.90284 300 273 4.57761
65 140 0.959614 410 213 0.0872161
65 140 4.19881 163 512 1.14609
65 140 2.2243 195 90 4.70232
65 140 4.25924 313 440 0.612078
65 140 1.90467 75 359 1.49918
65 140 0.0324486 285 117 2.6577
65 140 2.29645 276 210 4.92974
65 140 4.93944 72 267 2.60392
65 140 0.0678995 52 86 5.14205
65 140 3.9525 63 529 4.03966
65 140 5.92357 401 359 6.14167
65 140 5.54133 566 37 4.93637
65 140 5.90243 113 83 4.59405
65 140 3.35854 62 94 3.87103
65 140 3.10336 110 80 5.87735
65 140 6.08435 343 271 1.10883
65 140 4.44655 285 429 4.9552
65 140 3.39469 189 82 1.68061
65 140 0.319192 96 81 4.54906
65 140 3.21381 106 499 1.7572
65 140 4.26136 73 84 4.15315
65 140 0.717365 102 109 1.19374
65 140 3.76682 323 439 4.71162
65 140 4.99605 263 79 2.19447
65 140 3.96906 419 194 0.94038
65 140 3.90428 371 413 4.18605
65 140 3.25632 309 431 5.75617
65 140 2.37726 356 458 5.14698
65 140 6.13319 374 512 3.07538
65 140 6.11086 185 109 3.89636
65 140 1.91703 68 512 2.74587
65 140 4.14514 386 178 5.57768
65 140 1.02132 337 172 2.89453
65 140 1.87838 370 192 3.85627
65 140 4.24248 392 549 5.74068
65 140 3.87258 385 131 4.50849
65 140 2.03694 101 106 3.45226
65 140 6.16575 69 81 2.582
65 140 2.48169 261 198 3.93516
65 140 5.43073 177 174 5.08031
65 140 2.96375 260 100 3.57329
65 140 0.856239 57 488 4.6785
65 140 1.84018 38 566 0.138324
65 140 2.4664 68 537 5.48351
65 140 4.82118 112 164 1.12494
65 140 3.0948 279 208 3.04789
65 140 4.72768 57 235 4.70812
65 140 1.41224 346 166 2.10948
65 140 5.65737 75 567 0.891704
65 140 4.15991 169 161 1.45604
65 140 6.00534 408 176 4.85456
65 140 4.14406 266 178 4.00926
65 140 2.34793 366 537 0.750234
65 140 3.23286 272 504 3.85607
65 140 5.70812 46 357 3.48032
65 140 4.79915 345 210 3.527
65 140 1.0589 69 527 5.67898
65 140 1.31155 79 521 2.48516
65 140 0.397768 105 382 0.43227
65 140 5.05233 409 167 0.104426
65 140 5.93945 69 520 0.658242
65 140 1.52309 313 38 0.424293
65 140 3.33158 289 164 5.87038
65 140 5.1105 393 561 3.26989
65 140 5.99426 345 359 2.71517
65 140 2.59967 37 246 5.01022
65 140 4.70266 72 565 2.32008
65 140 4.43537 80 164 2.619
65 140 2.97712 93 103 0.446727
65 140 4.48601 132 528 0.534171
65 140 0.869561 101 557 5.48241
65 140 4.33213 364 420 1.08554
65 140 4.64722 227 564 3.73803
65 140 2.17028 348 196 1.49299
65 140 2.47903 350 192 5.13514
65 140 2.34579 399 148 2.94108
65 140 4.56896 211 565 1.12833
65 140 3.73741 41 507 1.93421
65 140 0.886685 69 471 0.859629
65 140 1.55189 98 506 6.08759
65 140 3.88807 105 163 0.912787
65 140 4.33812 394 137 2.45906
65 140 6.09297 71 512 5.71675
65 140 5.02867 35 471 3.10075
65 140 3.49566 412 329 2.14733
65 140 5.27112 416 153 2.4776
65 140 2.60113 76 140 3.62677
65 140 0.534186 62 261 4.41242
65 140 3.10929 302 211 0.163192
65 140 3.44377 105 525 0.255812
65 140 4.1771 41 546 5.44369
65 140 4.28852 126 530 2.81638
65 140 2.22018 155 564 0.576432
65 140 2.00615 179 151 1.80752
65 140 6.1695 333 100 3.22334
65 140 1.74405 496 65 5.24724
65 140 1.22271 390 202 3.94271
65 140 4.57568 402 350 5.41309
65 140 2.90694 31 400 0.959298
65 140 4.56506 86 394 6.08031
65 140 0.505504 190 120 0.320603
65 140 5.82725 201 109 2.73026
65 140 2.21083 70 515 4.50113
65 140 4.58666 526 38 4.73768
65 140 4.40408 118 539 5.29226
65 140 5.62965 52 517 1.49745
65 140 1.03506 384 134 0.338342
65 140 3.05857 93 501 1.42957
65 140 2.8347 369 490 2.64787
65 140 0.564216 363 477 2.5789
65 140 0.388552 130 554 2.55525
65 140 4.62721 380 129 4.38295
65 140 5.61915 117 509 3.2772
65 140 1.32704 339 135 0.0296718
65 140 4.85303 291 126 6.14396
65 140 2.68393 46 161 3.75496
65 140 2.615 171 196 0.855388
65 140 6.24948 340 136 0.839047
65 140 3.39776 355 181 1.9818
65 140 4.88966 379 466 3.55492
65 140 4.93781 116 477 2.5854
65 140 5.42903 278 276 0.219009
65 140 5.04469 97 380 1.08787
65 140 0.0170434 40 167 0.883182
65 140 3.36601 389 208 0.457614
65 140 4.04539 52 499 2.35522
65 140 2.38872 37 550 3.45884
65 140 3.93163 392 179 3.74038
65 140 3.72039 140 494 3.17079
65 140 0.0249475 384 274 5.74429
65 140 2.60004 46 83 2.74151
65 140 5.88355 298 431 0.423729
65 140 5.16128 503 33 4.96304
65 140 1.22027 413 557 5.23696
65 140 3.70451 421 203 2.4927
65 140 4.88002 57 510 1.1036
65 140 2.01864 82 96 5.71822
65 140 0.758468 101 385 1.2659
65 140 1.09952 60 551 5.93285
65 140 2.81716 187 115 2.19993
65 140 2.59252 315 109 0.639704
65 140 5.52452 282 176 3.68338
65 140 6.26863 399 158 4.06122
65 140 2.69961 420 192 1.86185
65 140 0.719253 64 95 6.23034
65 140 3.39706 70 479 2.59921
65 140 1.61637 402 197 5.90548
65 140 2.62112 174 132 5.04858
65 140 1.7654 51 242 1.63266
65 140 2.92439 263 367 0.954741
65 140 0.220829 355 108 2.15734
65 140 5.74062 356 405 5.67045
65 140 5.49695 109 515 5.56731
65 140 6.21367 418 201 5.47918
65 140 5.74951 88 93 5.10724
65 140 4.95764 32 505 0.389245
65 140 4.11275 324 101 3.20099
65 140 4.88372 263 80 4.71582
65 140 3.10229 40 494 1.68215
65 140 0.332501 171 163 1.49097
65 140 4.16077 110 558 1.63889
65 140 4.11455 92 463 0.221672
65 140 3.05332 391 128 1.19128
65 140 6.01331 279 206 6.16925
65 140 1.47918 41 463 5.27713
65 140 1.36898 370 504 1.11036
65 140 3.14089 171 210 4.60993
65 140 5.31293 62 125 3.5936
65 140 1.26227 389 200 6.11887
65 140 3.89374 66 534 1.23311
65 140 5.43991 342 107 4.93951
65 140 2.87297 33 246 5.93464
65 140 2.66749 65 344 2.80164
65 140 1.52277 32 535 5.95262
65 140 2.55273 413 331 2.83239
65 140 1.30895 258 449 1.7478
65 140 3.56455 44 256 3.08613
65 140 5.37696 345 266 5.4178
65 140 3.53251 160 481 0.270201
65 140 6.01683 84 540 3.31536
65 140 5.97276 53 95 3.2781
65 140 3.73494 43 566 3.00605
65 140 2.95595 74 99 4.43593
65 140 5.55368 396 149 2.40338
65 140 2.91044 31 530 6.19154
65 140 2.74259 329 141 0.318561
65 140 2.14209 265 86 3.29791
65 140 0.283003 268 435 5.79235
65 140 2.1862 268 103 5.54263
65 140 6.27045 119 540 2.61351
65 140 5.11287 281 110 3.55717
65 140 4.66946 105 536 3.75597
65 140 4.81436 379 526 0.0827068
65 140 2.05458 340 156 0.259795
65 140 1.71519 44 547 0.75424
65 140 3.30592 339 377 4.48931
65 140 2.37301 300 162 0.670728
65 140 2.43509 112 401 4.02301
65 140 0.895867 110 559 1.46428
65 140 3.33182 264 184 2.45569
65 140 1.88662 78 530 5.52106
65 140 4.17728 372 423 5.51794
65 140 4.9641 85 358 2.99717
65 140 1.54174 97 523 4.07903
65 140 3.6284 289 279 1.97229
65 140 4.30736 120 540 0.161341
65 140 5.29143 49 516 3.70497
65 140 4.96197 320 425 1.9738
65 140 1.6514 336 134 5.53184
65 140 3.65547 53 383 2.15863
65 140 0.359507 184 567 5.59367
65 140 1.34331 355 196 3.70833
65 140 0.503893 359 267 0.487455
65 140 3.90774 65 503 1.93785
65 140 4.1764 82 518 0.0526724
65 140 4.19845 43 166 2.15733
65 140 0.619283 397 548 6.26952
65 140 0.298742 154 485 0.286194
65 140 2.50067 377 147 5.61303
65 140 5.59327 121 522 0.0787373
65 140 5.36897 345 393 2.39975
65 140 1.02422 378 567 1.45034
65 140 5.1079 300 110 0.0363434
65 140 5.91832 163 507 4.24333
65 140 2.27072 77 543 4.21106
65 140 1.27415 39 149 0.137498
65 140 6.25066 194 104 4.7321
65 140 0.748351 77 543 4.14306
65 140 4.16635 347 439 4.13349
65 140 0.963614 476 558 4.57739
65 140 2.46944 338 199 4.41661
65 140 4.57296 379 520 2.3092
65 140 3.54943 44 481 4.69215
65 140 2.2124 88 346 5.59921
65 140 3.6399 81 240 5.97002
65 140 3.52191 58 553 1.23439
65 140 4.48348 266 186 0.130143
65 140 3.53387 103 113 4.24633
65 140 4.95808 412 177 5.32995
65 140 4.60447 91 508 4.6135
65 140 0.838568 293 196 2.38382
65 140 0.606198 90 398 5.78697
65 140 3.55009 62 506 5.62997
65 140 0.864106 372 193 2.71577
65 140 2.95372 420 272 2.614
65 140 2.54151 181 193 4.05163
65 140 0.117972 365 454 2.86388
65 140 4.85255 191 208 5.77718
65 140 5.00716 78 154 4.24296
65 140 2.53348 325 198 5.97457
65 140 2.01262 290 178 4.56569
65 140 2.03095 178 209 3.54576
65 140 1.02206 141 563 4.81653
65 140 0.265999 57 172 4.97179
65 140 2.19871 374 515 3.26132
65 140 0.172719 405 551 5.58362
65 140 1.38515 298 168 3.589
65 140 3.70685 196 124 4.17676
65 140 2.0417 368 186 5.12442
65 140 5.52301 396 137 6.14117
65 140 0.507632 77 480 3.00879
65 140 5.23997 336 426 1.5598
65 140 3.96451 261 505 0.764417
65 140 3.77125 375 490 2.16387
65 140 2.51561 86 491 4.36556
65 140 4.10755 321 40 5.62222
65 140 4.03745 289 197 1.87882
65 140 1.2259 265 489 5.60614
65 140 1.43518 284 206 3.88252
65 140 0.529629 287 189 0.624061
65 140 4.37127 360 466 5.75332
65 140 6.04122 73 535 6.13763
65 140 3.32847 167 118 0.0912583
65 140 1.22075 101 150 3.08103
65 140 5.73736 365 564 1.52595
65 140 4.96809 268 492 2.29394
65 140 5.23162 53 346 3.01762
65 140 2.67233 136 549 3.00404
65 140 2.45974 164 473 2.82103
65 140 1.65336 166 508 3.53138
65 140 4.12897 307 139 5.66875
65 140 2.68027 61 390 2.74278
65 140 2.47427 40 340 2.09248
65 140 1.12086 397 179 3.73421
65 140 0.44121 321 192 2.44473
65 140 0.929066 320 139 0.386902
65 140 5.52504 377 431 4.77941
65 140 2.85649 47 514 1.20277
65 140 4.31312 342 196 5.43899
65 140 3.77314 301 129 0.748226
65 140 3.09001 110 488 5.82981
65 140 0.357145 272 509 5.48451
65 140 5.91237 106 159 3.68938
65 140 3.65434 260 96 3.95416
65 140 2.02762 101 151 1.44435
65 140 4.55122 130 559 0.873954
65 140 0.426727 162 494 0.404602
65 140 1.0688 67 101 2.38695
65 140 0.13869 56 112 2.67499
65 140 3.2229 63 123 2.12753
65 140 3.71929 47 536 0.661691
65 140 3.28298 368 478 4.34312
65 140 3.46244 551 36 3.36073
65 140 5.50745 58 119 6.21016
65 140 1.58369 74 541 3.84695
65 140 3.81135 103 171 1.22872
65 140 2.25809 128 476 3.35789
65 140 2.66258 365 461 1.43607
65 140 2.81354 261 368 5.57306
65 140 2.63995 395 204 5.13465
65 140 3.16649 404 175 1.5918
65 140 5.25627 276 103 3.209
65 140 6.26638 61 361 3.1463
65 140 3.28978 68 504 1.52148
65 140 3.75535 384 563 0.643905
65 140 4.29864 327 141 2.82994
65 140 5.56418 139 563 2.84405
65 140 2.76484 108 374 2.34666
65 140 4.60014 335 163 2.40866
65 140 0.340237 32 83 4.64128
65 140 5.1853 345 428 5.542
65 140 4.44451 94 340 4.26233
65 140 1.9212 137 483 3.84037
65 140 5.20034 192 98 4.75379
65 140 0.012198 39 533 2.03613
65 140 3.9124 44 150 4.55081
65 140 2.53747 78 403 1.29555
65 140 0.831872 320 115 2.60608
65 140 1.4771 421 166 3.67485
65 140 1.26525 498 73 0.635943
65 140 5.28871 303 425 5.68117
65 140 3.20106 35 487 5.9944
65 140 0.500466 67 242 4.14247
65 140 0.455961 99 524 1.97678
65 140 4.95336 319 151 0.269284
65 140 2.02126 36 101 4.68181
65 140 1.1753 267 483 2.58548
65 140 4.92998 273 455 4.2654
65 140 5.97696 306 127 2.72729
65 140 1.20314 192 203 5.2379
65 140 4.31233 332 125 0.501901
65 140 6.00378 54 472 2.05966
65 140 2.80994 358 491 0.153694
65 140 0.156587 100 504 4.16816
65 140 1.87855 379 155 1.47087
65 140 1.11575 368 516 1.91476
65 140 5.21172 336 166 4.47318
65 140 4.43798 343 212 2.4817
65 140 2.6046 198 100 0.19249
65 140 3.98436 408 265 5.33345
65 140 1.45424 379 138 4.2309
65 140 2.44906 44 102 3.00455
65 140 5.3804 166 201 2.56643
65 140 1.65001 75 148 4.42695
65 140 2.40085 91 481 2.02938
65 140 3.72355 114 475 4.24035
65 140 3.01828 300 133 1.97664
65 140 0.469177 374 415 6.13139
65 140 5.88523 176 120 4.49088
65 140 1.94582 376 175 4.64236
65 140 3.12962 77 400 5.53507
65 140 4.98671 169 103 5.27298
65 140 1.91459 549 31 0.410488
65 140 1.22523 394 551 4.65978
65 140 3.30292 269 496 2.45028
65 140 3.55467 349 400 5.80864
65 140 1.98858 315 187 5.24868
65 140 4.9353 387 184 4.7417
65 140 6.24064 143 530 2.35375
65 140 3.24067 35 493 0.597422
65 140 5.05198 36 163 3.26062
65 140 5.65358 320 180 1.14814
65 140 4.46706 365 413 4.79752
65 140 1.97006 505 39 5.21007
65 140 5.51162 267 103 2.97136
65 140 0.270133 92 517 5.82296
65 140 0.603969 88 544 4.67174
65 140 6.02995 192 205 0.315118
65 140 0.831646 69 392 0.940033
65 140 4.66269 36 234 1.35462
65 140 2.61831 477 566 2.33444
65 140 4.00784 131 475 2.99201
65 140 3.00236 62 368 3.7254
65 140 0.181049 104 548 5.97089
65 140 2.88914 50 114 4.01095
65 140 5.05863 41 399 0.140719
65 140 4.41222 371 144 0.35031
65 140 0.424735 339 379 3.30021
65 140 1.46601 41 507 5.26813
65 140 4.20752 140 548 5.44196
65 140 5.20984 42 397 4.06113
65 140 5.62199 38 383 4.9196
65 140 2.89946 83 91 0.468958
65 140 5.62692 131 545 3.02157
65 140 4.26787 89 384 4.49249
65 140 6.19621 405 265 0.313329
65 140 6.23613 130 550 3.24105
65 140 2.95158 99 402 1.02915
65 140 2.40513 295 276 5.1335
65 140 2.47147 381 449 1.71877
65 140 5.98896 54 120 1.3525
65 140 4.26807 321 156 0.80775
65 140 2.68805 94 344 4.51801
65 140 2.09787 362 516 1.22784
65 140 5.945 148 468 0.628544
65 140 0.725764 375 436 2.75933
65 140 4.24364 186 115 0.0588987
65 140 3.33235 326 147 4.94864
65 140 4.64804 291 115 5.436
65 140 0.898879 286 274 5.53297
65 140 1.39091 54 271 1.20252
65 140 5.31173 381 533 0.958719
65 140 1.79349 134 513 3.63331
65 140 2.47117 380 145 2.92885
65 140 3.56797 78 84 1.09986
65 140 2.41493 41 236 5.83247
65 140 6.26951 286 144 4.13412
65 140 3.29291 98 382 1.7944
65 140 4.72345 69 563 1.72399
65 140 0.971779 276 179 3.72023
65 140 3.70163 64 245 4.54931
65 140 2.14583 324 184 5.93302
65 140 1.83037 85 282 1.37922
65 140 3.61331 72 244 1.58189
65 140 1.83519 131 532 5.57335
65 140 3.49276 121 548 2.21825
65 140 3.40339 67 567 0.131833
65 140 5.41343 557 33 4.02797
65 140 6.03048 38 373 0.991827
65 140 5.97175 176 136 2.32163
65 140 3.44771 285 267 4.38435
65 140 2.85033 378 484 2.38626
65 140 0.920649 278 208 3.71423
65 140 5.40292 307 164 0.696003
65 140 4.76406 101 370 4.57797
65 140 4.76529 105 87 2.86126
65 140 0.147624 42 391 0.0680415
65 140 1.58207 319 197 2.68634
65 140 5.26594 363 186 2.25324
65 140 0.825596 312 170 2.14705
65 140 3.81611 377 212 0.956463
65 140 4.47006 50 361 3.50648
65 140 2.85077 91 477 2.9011
65 140 4.91778 112 345 2.5771
65 140 4.43813 277 116 2.79553
65 140 1.89075 343 388 0.857402
65 140 5.01744 35 233 2.13771
65 140 2.61517 64 566 0.149394
65 140 0.535642 371 566 2.96306
65 140 1.81905 50 232 1.26668
65 140 0.154723 380 127 2.15057
65 140 1.29231 40 97 3.94966
65 140 5.74684 189 84 2.94868
65 140 5.9434 280 170 5.95119
65 140 6.0403 174 81 1.73688
65 140 5.02962 315 31 5.10342
65 140 0.31578 180 213 0.875449
65 140 6.0249 36 164 3.28358
65 140 2.94129 276 565 4.54343
65 140 4.29374 58 348 4.07141
65 140 5.90639 409 274 1.19245
65 140 3.70985 496 50 5.88542
65 140 4.08185 132 518 5.05461
65 140 6.09274 147 500 1.74384
65 140 5.77397 171 217 0.0686978
65 140 1.3666 282 437 0.0655963
65 140 5.99277 142 567 3.60572
65 140 4.8464 47 555 4.30624
65 140 0.355519 369 506 3.74575
65 140 2.47062 147 519 0.0623151
65 140 4.11765 79 394 1.33185
65 140 4.35537 56 104 0.689989
65 140 2.32513 75 167 0.133337
65 140 1.54125 378 442 3.06478
65 140 0.254731 59 470 5.26059
65 140 1.32669 113 118 4.08283
65 140 3.83547 547 33 0.690777
65 140 2.77701 355 464 3.68197
65 140 2.34606 343 413 1.43389
65 140 5.53061 203 85 1.18468
65 140 3.79116 56 497 5.71367
65 140 5.86897 122 521 5.52713
65 140 1.42741 93 543 2.42808
65 140 1.28309 188 103 2.81837
65 140 5.24347 379 157 4.74567
65 140 3.09744 67 555 2.64722
65 140 4.24095 60 280 4.5227
65 140 4.32284 100 340 4.2825
65 140 2.08532 96 115 2.82073
65 140 5.32258 333 274 0.702331
65 140 3.84024 369 127 0.929031
65 140 0.0585816 377 141 4.98883
65 140 2.95666 307 129 6.19262
65 140 5.51571 314 193 0.0523255
65 140 2.69632 373 421 4.22876
65 140 5.85329 59 124 0.567543
65 140 5.06481 47 235 5.92632
65 140 4.76436 274 206 3.0517
65 140 3.38787 44 511 3.50887
65 140 1.86221 378 465 6.0949
65 140 0.127088 404 141 2.45517
65 140 0.312749 383 272 1.11298
65 140 4.18686 360 406 3.44601
65 140 0.288518 288 146 2.41804
65 140 3.16484 91 472 2.32477
65 140 5.83666 413 354 4.34385
65 140 2.76107 411 143 2.90568
65 140 2.45805 377 542 5.61732
65 140 0.847226 284 178 5.64841
65 140 5.34227 415 341 5.69323
65 140 3.57758 364 511 0.325257
65 140 4.67362 518 40 5.28367
65 140 4.7031 387 565 5.35749
65 140 1.77003 62 256 0.531231
65 140 4.16475 306 147 4.46098
65 140 1.20865 273 84 3.35707
65 140 1.77959 86 157 0.105084
65 140 1.77159 143 526 4.75328
65 140 0.79738 359 184 1.04483
65 140 2.27347 279 443 6.26721
65 140 2.57219 361 437 5.89075
65 140 5.28218 95 494 4.34902
65 140 0.376116 270 499 1.366
65 140 3.92824 181 191 1.65984
65 140 2.75016 71 351 3.07789
65 140 4.10014 51 522 2.9564
65 140 2.54387 80 489 2.83225
65 140 0.235464 266 511 2.05155
65 140 4.48978 41 264 1.75564
65 140 5.87142 90 359 5.05832
65 140 5.95136 108 116 0.568211
65 140 2.87481 83 559 0.724623
65 140 0.661972 261 290 3.62142
65 140 6.2381 176 136 5.2554
65 140 6.17804 87 125 5.71151
65 140 2.13994 363 463 5.70767
65 140 5.82592 348 438 0.777522
65 140 3.06411 374 562 4.30685
65 140 3.47975 290 139 2.85159
65 140 4.41432 497 67 2.9076
65 140 2.00317 280 113 3.66614
65 140 4.49492 313 136 1.9556
65 140 0.914671 173 214 0.797977
65 140 0.116321 341 173 6.06005
65 140 6.20284 278 196 4.15083
65 140 3.9584 172 83 4.50089
65 140 1.71534 407 160 4.10394
65 140 6.08947 411 204 1.58666
65 140 3.11152 374 158 1.12455
65 140 1.65682 299 110 6.14619
65 140 0.130882 114 120 1.97427
65 140 5.19566 414 176 5.90083
65 140 2.1331 64 354 5.52456
65 140 4.09735 113 128 3.11184
65 140 0.598399 36 485 3.23178
65 140 3.34089 308 157 0.253569
65 140 5.47779 369 418 1.04097
65 140 4.80671 37 146 5.59961
65 140 0.0148705 53 348 0.913887
65 140 3.56723 60 268 2.99419
65 140 0.706482 498 53 2.15082
65 140 3.92689 278 83 1.05774
65 140 5.31958 191 118 1.60278
65 140 2.6132 273 84 2.32443
65 140 4.20962 112 516 1.17175
65 140 2.2639 75 377 2.75268
65 140 4.53249 101 503 3.78634
65 140 2.47485 306 279 4.89539
65 140 0.810908 78 268 3.55272
65 140 5.60981 139 488 0.438551
65 140 3.0769 316 133 4.13012
65 140 1.48487 290 193 0.87912
65 140 4.4133 91 117 5.40094
65 140 1.02108 112 132 3.12284
65 140 2.12238 307 276 2.20441
65 140 0.807238 522 42 3.37287
65 140 1.02689 338 194 3.16651
65 140 5.56926 259 482 0.644661
65 140 0.433245 385 452 4.99023
65 140 4.78613 409 183 1.04495
65 140 3.64553 358 153 0.0903603
65 140 3.9262 397 185 4.22275
65 140 6.07674 95 97 3.37327
65 140 2.34048 343 272 2.21649
65 140 2.29885 368 127 5.2323
65 140 2.45815 265 114 0.03745
65 140 4.45676 113 367 1.55292
65 140 5.8418 64 510 6.21362
65 140 3.58793 261 361 5.07693
65 140 5.04037 308 120 0.581851
65 140 4.11864 262 182 3.09811
65 140 2.76595 98 381 4.31556
65 140 1.81478 176 140 5.28255
65 140 0.953417 401 273 4.51888
65 140 5.40915 114 169 3.65109
65 140 5.70502 262 566 5.12214
65 140 3.3435 74 148 0.388336
65 140 0.794861 293 207 4.20375
65 140 1.35841 72 170 1.92218
65 140 3.85881 157 563 2.87507
65 140 4.32703 362 194 2.66061
65 140 4.56524 89 409 3.51715
65 140 5.38994 338 416 2.57609
65 140 2.26495 83 361 0.385645
65 140 5.74425 84 390 2.43783
65 140 5.89802 332 361 0.145501
65 140 6.05394 35 543 2.91837
65 140 0.127488 417 268 0.401948
65 140 1.58367 335 190 5.53131
65 140 2.01486 113 383 0.620607
65 140 0.0461898 179 100 6.03526
65 140 2.71427 81 378 1.94455
65 140 5.99258 43 150 3.88445
65 140 2.13571 108 354 1.05854
65 140 1.5953 378 125 3.48639
65 140 1.97775 352 431 0.939661
65 140 2.61128 160 498 5.22991
65 140 0.0865349 508 33 4.59113
65 140 4.18075 340 396 5.34019
65 140 2.76587 334 177 3.94089
65 140 3.29108 57 244 2.89781
65 140 0.135256 85 514 5.48342
65 140 0.430881 275 83 2.40198
65 140 4.18239 387 186 1.99188
65 140 4.03234 97 368 3.42466
65 140 3.92403 322 203 4.23343
65 140 3.38323 36 389 5.81157
65 140 5.1608 32 522 2.82088
65 140 2.54696 70 87 6.19731
65 140 0.61617 406 211 1.00526
65 140 6.08519 260 268 3.33935
65 140 5.0401 272 433 2.45276
65 140 3.94809 48 560 5.94535
65 140 3.35424 350 146 0.670462
65 140 4.31677 335 432 3.13021
65 140 1.45753 479 565 4.71881
65 140 3.90602 201 186 2.7944
65 140 4.46058 416 201 4.02481
65 140 6.04395 105 487 6.20556
65 140 6.07113 399 270 3.51303
65 140 4.50669 321 137 1.7368
65 140 0.319254 319 136 4.04708
65 140 1.10148 57 551 5.13095
65 140 3.64606 174 172 4.537
65 140 3.85496 92 364 1.64225
65 140 0.299687 188 77 2.91638
65 140 2.72909 52 467 6.25095
65 140 4.90481 271 93 4.41115
65 140 2.42133 76 142 3.73543
65 140 1.16939 312 35 5.77621
65 140 1.24471 365 144 2.20843
65 140 1.95462 84 278 0.0769633
65 140 5.15371 34 226 2.60862
65 140 0.592909 290 167 5.47035
65 140 6.21814 263 105 0.23347
65 140 5.13461 76 239 2.87769
65 140 2.46276 120 551 3.18253
65 140 5.64589 263 426 5.28524
65 140 2.09907 94 108 0.482315
65 140 0.804653 382 201 1.49235
65 140 2.27989 202 94 4.42789
65 140 3.96413 69 94 2.05863
65 140 1.34419 416 356 3.46476
65 140 1.66599 475 561 3.41621
65 140 4.00721 94 348 0.233766
65 140 2.9682 351 101 3.26123
65 140 3.48054 108 104 3.03075
65 140 3.29432 78 394 0.57187
65 140 6.08826 67 401 1.98101
65 140 1.43043 266 368 2.83608
65 140 5.07732 266 359 4.1933
65 140 1.17311 394 550 0.230979
65 140 3.5914 59 254 0.146064
65 140 1.71252 46 105 5.54371
65 140 2.61769 392 187 0.104907
65 140 5.07568 368 266 2.91837
65 140 3.89585 45 469 0.485848
65 140 0.959417 69 559 2.03723
65 140 1.09988 100 550 4.6767
65 140 0.461239 265 457 0.751329
65 140 2.71845 177 205 4.13241
65 140 4.04097 109 380 3.44958
65 140 4.82916 157 497 4.95206
65 140 0.419787 284 131 5.73334
65 140 5.3411 310 33 2.42827
65 140 0.0476234 146 487 2.62997
65 140 0.169478 273 289 4.88279
65 140 3.70968 91 560 2.02628
65 140 2.26644 177 112 4.8576
65 140 1.31483 148 495 3.68651
65 140 4.74979 47 567 1.38256
65 140 3.8842 43 355 0.325938
65 140 1.62431 363 494 5.79425
65 140 2.81373 153 464 0.437606
65 140 0.782311 98 340 1.07662
65 140 5.32058 94 107 0.993453
65 140 4.33279 43 337 2.7136
65 140 6.15875 123 479 5.80414
65 140 5.87297 263 360 1.05404
65 140 4.76935 42 463 3.31607
65 140 3.39517 99 492 3.93007
65 140 2.4176 46 162 2.70457
65 140 4.94437 305 190 4.90097
65 140 1.73898 88 80 2.88778
65 140 3.56709 168 199 2.07909
65 140 6.24438 300 278 2.87425
65 140 1.26763 57 236 1.75853
65 140 6.04048 177 77 5.7602
65 140 4.04526 389 544 3.82801
65 140 4.79334 303 206 2.43364
65 140 6.04451 51 521 0.184735
65 140 1.34971 344 268 1.75084
65 140 5.75461 60 516 1.26517
65 140 1.81027 392 205 6.24093
65 140 4.16564 327 349 5.47833
65 140 4.58559 324 32 3.61398
65 140 3.21821 342 197 0.941078
65 140 0.678175 77 467 1.50713
65 140 4.26513 340 346 3.43085
65 140 3.70249 354 452 4.32187
65 140 1.97509 336 145 1.26481
65 140 4.68958 191 89 3.67831
65 140 2.19167 332 117 1.96748
65 140 1.3132 43 239 5.22988
65 140 5.75139 363 428 6.15557
65 140 4.00028 286 190 4.9192
65 140 3.67686 515 40 3.25153
65 140 1.65059 67 244 2.37751
65 140 4.4368 90 512 3.97244
65 140 0.17235 301 154 2.66295
65 140 1.38271 112 567 5.45188
65 140 5.06579 111 535 6.02688
65 140 5.28676 317 113 5.5624
65 140 1.3838 56 345 2.08312
65 140 2.64549 43 539 4.98081
65 140 1.44157 361 186 2.15121
65 140 5.90023 184 191 0.816214
65 140 6.14296 279 565 6.15707
65 140 0.987314 328 202 4.89423
65 140 3.77923 111 516 2.48979
65 140 0.113264 281 121 0.238031
65 140 5.15474 280 124 5.79347
65 140 6.25958 345 380 1.92246
65 140 6.07696 268 274 2.27194
65 140 5.06932 368 121 1.54364
65 140 1.87036 389 140 1.30478
65 140 2.00209 163 472 0.700997
65 140 0.720946 35 466 1.56337
65 140 1.67872 137 463 5.11841
65 140 4.97783 72 488 4.503
65 140 1.7766 79 154 0.583577
65 140 0.957408 50 493 4.64007
65 140 4.18487 81 155 3.43647
65 140 0.627979 61 560 2.85813
65 140 4.82175 269 274 0.99032
65 140 0.48282 181 567 3.44122
65 140 4.72889 350 162 1.61345
65 140 5.30527 99 387 1.33925
65 140 0.829845 31 269 2.59825
65 140 4.7802 318 437 2.23286
65 140 5.27285 73 365 5.30318
65 140 2.72758 266 511 3.26198
65 140 4.13373 269 565 3.09728
65 140 1.39321 373 463 0.858528
65 140 0.164443 82 159 3.14573
65 140 5.14017 261 448 2.60175
65 140 4.5812 161 485 2.96982
65 140 1.83195 113 494 2.71292
65 140 5.11914 310 437 2.22748
65 140 2.20723 527 34 3.7631
65 140 3.53464 75 487 4.70368
65 140 0.672561 57 235 3.25409
65 140 1.58041 143 467 5.80263
65 140 1.64309 44 468 5.39424
65 140 2.74745 386 185 4.44369
65 140 0.749545 359 469 1.47869
65 140 5.68585 64 147 0.404375
65 140 2.41671 84 149 2.20783
65 140 6.24484 40 407 5.07053
65 140 3.80587 33 513 1.48192
65 140 1.42644 50 564 5.6001
65 140 1.55486 78 560 0.0917866
65 140 0.96449 48 133 0.54899
65 140 1.09737 41 100 5.51113
65 140 3.21197 166 201 6.22054
65 140 4.62717 134 541 1.93997
65 140 2.89576 89 354 5.92172
65 140 6.02563 88 98 1.62511
65 140 3.1259 265 84 0.783804
65 140 0.180963 103 171 5.42783
65 140 1.38755 367 527 5.53561
65 140 1.08964 262 359 2.15511
65 140 3.93637 121 531 1.10426
65 140 1.85264 376 540 6.25391
65 140 4.36426 102 338 0.807943
65 140 4.08288 92 400 6.2731
65 140 0.651395 184 121 0.617216
65 140 1.66961 62 473 3.12309
65 140 4.16692 84 564 2.73613
65 140 5.55348 268 112 1.27238
65 140 4.27963 102 360 0.831342
65 140 0.923023 78 128 2.02717
65 140 3.2231 319 120 0.768385
65 140 1.21749 109 478 0.445076
65 140 1.39198 106 167 0.116704
65 140 1.06461 171 190 2.60741
65 140 1.11298 122 501 2.86486
65 140 2.28674 47 228 2.90801
65 140 1.06964 376 508 4.94028
65 140 5.46954 260 120 2.22423
65 140 2.61436 300 131 5.67155
65 140 2.22907 310 45 2.62164
65 140 2.43162 105 505 4.30165
65 140 6.1141 48 549 4.67512
65 140 2.8652 304 152 5.91897
65 140 2.66906 65 159 3.62758
65 140 1.31068 59 384 5.13587
65 140 1.34849 302 439 3.45211
65 140 4.34548 125 528 3.51791
65 140 5.7819 276 269 5.61434
65 140 0.134568 289 205 5.06249
65 140 0.640053 79 114 1.95496
65 140 4.72714 290 427 5.1685
65 140 2.60303 289 434 4.12957
65 140 0.871648 85 83 5.74138
65 140 1.78043 66 236 3.19218
65 140 0.536823 291 123 4.56236
65 140 1.03664 344 105 5.13319
65 140 0.497518 186 217 5.1935
65 140 4.61011 91 360 4.81825
65 140 1.05454 271 188 3.60108
65 140 2.84878 48 163 1.30326
65 140 6.1407 187 115 2.84768
65 140 2.39178 376 479 3.19766
65 140 6.0239 102 544 6.18159
65 140 5.0461 56 355 1.86216
65 140 5.40054 359 202 2.71465
65 140 2.99688 289 199 3.38901
65 140 0.667643 404 338 1.73703
65 140 0.751447 358 458 2.4439
65 140 5.36653 413 548 6.11056
65 140 3.52594 78 465 6.05854
65 140 1.30269 50 530 3.29147
65 140 4.45717 346 402 4.7923
65 140 1.682 111 373 0.520483
65 140 5.59753 167 209 1.45397
65 140 4.69133 78 152 3.52997
65 140 1.1885 31 549 1.88542
65 140 3.12758 345 167 3.59252
65 140 3.99732 64 282 2.37307
65 140 0.513251 79 524 3.98714
65 140 2.33372 39 154 3.99816
65 140 0.399569 318 198 0.196556
65 140 1.65544 276 279 1.44716
65 140 5.4603 265 361 4.79723
65 140 1.88286 181 206 1.0179
65 140 0.408467 55 97 0.236906
65 140 2.70406 124 466 4.55938
65 140 5.98793 72 485 3.18319
65 140 2.77579 86 495 5.4182
65 140 5.68574 45 284 1.08935
65 140 3.98053 365 563 3.14061
65 140 4.49693 326 268 5.49071
65 140 0.673115 97 361 1.71857
65 140 4.30678 132 503 4.61045
65 140 5.33774 369 524 4.32255
65 140 3.83484 70 155 4.58834
65 140 2.36353 149 565 1.24763
65 140 1.40528 179 161 0.192753
65 140 1.45679 88 519 2.63218
65 140 0.148646 302 211 5.9922
65 140 3.80851 261 448 2.86439
65 140 2.33013 271 427 3.01807
65 140 5.55801 502 38 1.56404
65 140 2.03243 364 453 4.69652
65 140 1.76954 33 282 0.704573
65 140 5.4109 114 466 4.96576
65 140 0.344559 324 184 6.28057
65 140 2.9101 279 100 5.85167
65 140 5.88948 409 266 5.68444
65 140 4.39334 60 357 3.60458
65 140 5.66962 361 118 3.35506
65 140 0.285112 366 553 3.52575
65 140 6.19205 500 46 5.47211
65 140 4.02962 58 548 0.765096
65 140 3.83574 98 535 4.11706
65 140 1.69023 33 161 4.45384
65 140 3.63797 68 124 0.459015
65 140 4.84338 42 241 2.01998
65 140 4.90055 111 108 0.645382
65 140 3.54856 354 102 3.18808
65 140 6.21213 188 179 3.30272
65 140 3.76007 367 268 6.0772
65 140 5.32067 261 365 3.79764
65 140 0.659145 300 275 4.68997
65 140 4.40574 324 139 1.36209
65 140 5.40251 334 382 4.95179
65 140 0.79199 121 501 0.736588
65 140 1.38528 406 344 3.83509
65 140 1.93836 113 150 1.96292
65 140 4.34465 129 471 5.45322
65 140 3.00329 59 278 4.86859
65 140 1.17459 54 375 5.68337
65 140 4.86264 97 163 3.90146
65 140 3.0265 57 392 3.19753
65 140 5.8743 35 173 4.94169
65 140 2.73315 414 354 4.57106
65 140 6.08539 495 561 3.86012
65 140 3.96733 96 103 2.32584
65 140 5.84697 535 41 3.8392
65 140 3.56193 34 463 1.92188
65 140 5.43616 116 490 1.68056
65 140 5.98995 73 373 4.7715
65 140 6.0434 273 424 2.80456
65 140 5.94422 308 154 5.16244
65 140 4.59064 318 45 4.649
65 140 0.0410682 44 529 2.19062
65 140 0.134608 47 105 2.40922
65 140 1.34971 363 421 1.9316
65 140 0.839922 92 527 4.69096
65 140 4.92221 192 104 3.44293
65 140 1.12011 272 282 5.85024
65 140 1.72271 420 331 2.39339
65 140 1.70975 274 497 4.25419
65 140 2.65927 100 506 2.8729
65 140 1.86689 166 494 3.35774
65 140 4.47479 100 523 5.17361
65 140 1.04381 348 154 3.49067
65 140 2.64562 78 82 2.47393
65 140 2.61904 411 340 6.25176
65 140 2.51701 183 173 5.13365
65 140 5.00273 325 115 0.660049
65 140 1.26578 45 506 4.28792
65 140 4.06173 264 87 0.805809
65 140 2.10878 339 154 0.813903
65 140 0.760032 497 34 0.540418
65 140 4.79674 181 214 0.756079
65 140 2.01334 396 195 2.44104
65 140 1.23399 343 375 5.81128
65 140 1.76046 407 149 3.66327
65 140 3.58044 84 111 3.65091
65 140 3.66456 261 455 2.60659
65 140 2.94475 76 98 4.87187
65 140 2.45405 507 44 3.09286
65 140 4.58306 46 352 4.94279
65 140 4.97677 353 126 2.74411
65 140 3.06527 343 133 4.93094
65 140 0.787727 46 536 2.77113
65 140 2.00501 44 277 0.0673047
65 140 1.09307 87 485 0.883969
65 140 5.91563 496 566 0.364673
65 140 4.21499 339 151 6.25107
65 140 3.9325 354 172 1.62725
65 140 5.44232 70 110 2.31099
65 140 5.91664 81 233 5.30486
65 140 3.89367 176 145 0.892794
65 140 0.784745 378 539 0.142655
65 140 2.57771 283 170 2.35619
65 140 0.193483 123 463 4.46522
65 140 2.85183 343 374 4.86461
65 140 5.46443 410 341 3.02688
65 140 4.98282 100 136 5.63177
65 140 3.66774 63 548 5.7566
65 140 4.1154 374 126 5.02812
65 140 4.57745 44 120 3.12531
65 140 3.76373 46 246 3.30242
65 140 5.17673 261 494 0.436928
65 140 5.46011 280 94 2.51866
65 140 1.07086 305 267 5.99492
65 140 1.43744 82 277 0.941273
65 140 3.6068 278 440 1.23123
65 140 3.20419 34 484 6.11335
65 140 5.97222 37 160 5.32014
65 140 1.69074 268 183 5.82238
65 140 2.53474 287 156 4.71989
65 140 1.34212 313 169 2.90923
65 140 4.69024 416 270 4.44975
65 140 5.48395 269 207 3.05264
65 140 2.48133 367 198 2.74679
65 140 2.64661 47 148 5.63751
65 140 3.09617 374 194 3.02696
65 140 4.32942 342 156 0.533567
65 140 5.5057 63 347 0.131897
65 140 0.471483 107 371 3.39258
65 140 5.5426 127 497 1.98434
65 140 5.74405 55 383 0.294184
65 140 1.97814 57 99 6.2017
65 140 0.560788 297 177 4.20306
65 140 0.757481 289 271 5.48295
65 140 5.01805 269 178 0.368982
65 140 3.73638 91 370 4.88104
65 140 0.812612 362 196 5.67477
65 140 5.40546 178 133 1.45712
65 140 4.55923 60 468 2.56854
65 140 2.71916 96 544 0.257551
65 140 5.15648 364 449 5.37333
