0.052221
0.339318
0.138682
0.534857
0.202281
0.036419
0.024699
0.48713
0.061687
0.145784
0.170579
0.082009
0.002156
0.119892
0.434366
0.339525
0.001399
0.000802
0.003083
0.422259
0.311843
0.077451
0.001346
0.097305
0.001135
0.002058
0.52312
0.103148
0.159501
0.25863
0.402271
0.378926
0.264425
0.152711
0.163217
0.125284
0.120138
0.199791
0.19778
0.157046
0.000947
0.001078
0.184597
0.094408
0.236865
0.130541
0.170671
0.100152
0.001311
0.195884
0.030764
0.176609
0.112529
0.047251
0.19861
0.199397
0.197854
0.519801
0.093585
0.227223
0.107477
0.101517
0.023245
0.150089
0.077735
0.078515
0.219894
0.353947
0.404656
0.035846
0.125079
0.005673
0.002765
0.060864
0.086557
0.248808
0.070431
0.183872
0.182073
0.137497
0.069016
0.10861
0.145908
0.116892
0.001019
0.257961
0.211525
0.10724
1.9054
0.226405
0.002889
0.055235
0.179713
0.057464
0.190563
0.065151
0.048843
0.050121
0.157113
0.377224
0.142875
0.400763
0.087471
0.038824
0.043803
0.031667
0.085393
0.262742
0.092114
0.130973
0.327455
0.1519
0.411407
0.217109
0.045187
0.139597
0.091801
0.191119
0.239953
0.003068
0.045682
0.104713
0.207421
0.309594
0.116785
0.426828
0.015471
0.000737
0.194166
0.13217
0.176871
0.362554
0.056261
0.289752
0.001102
0.359234
0.443697
0.290359
0.32038
0.143703
0.001856
0.06225
0.092374
0.059558
0.215395
0.140442
0.19342
0.171877
0.012923
0.099215
0.167551
0.111051
0.135495
0.455572
0.170022
0.360993
0.064802
0.204927
0.001146
0.157183
0.171654
0.153461
0.113591
0.069775
0.151167
0.08716
0.198012
0.174209
0.103481
0.211734
0.068388
0.001491
0.233265
0.074931
0.136881
0.039043
0.060932
0.122898
1.27572
0.431701
0.036785
0.540431
0.049242
0.068467
0.001094
0.116482
0.000935
0.212148
0.135903
0.146335
0.161667
0.330193
0.133105
0.087963
0.131885
0.095805
0.260577
0.202561
0.155808
0.511113
0.143479
0.037574
0.071586
0.264871
0.212755
0.419946
0.031306
0.108664
0.402613
0.085757
0.160251
0.270871
0.104679
0.035444
0.104374
0.159163
0.365638
0.137175
0.083761
0.001379
0.262526
0.06427
0.144967
0.068565
0.431388
0.239226
0.125721
0.028218
0.06741
0.000763
0.024438
0.073411
0.408747
0.260341
0.187522
0.37301
0.136386
0.059977
0.080153
0.154361
0.215066
0.000921
0.236103
0.093451
0.187265
0.050377
0.124556
0.240386
0.190635
0.0629
0.315721
0.088067
0.001021
0.228115
0.239538
0.054143
0.073571
0.001788
0.256001
0.239153
0.254783
0.076066
0.171253
0.173966
0.109436
0.33911
0.337641
0.301524
0.095833
0.097517
0.236821
0.334506
0.217204
0.247432
0.336092
0.097571
0.520496
0.001735
0.222513
0.386857
0.056637
0.082651
0.048145
0.057194
0.161769
0.070542
0.487872
0.11996
0.230088
0.194784
0.399173
0.178292
0.158937
0.14604
0.076479
0.298778
0.001075
0.193893
0.001702
0.089702
0.041532
0.000822
0.000668
0.00054
0.094841
0.261152
0.438459
0.00338
0.215991
0.001257
0.052101
0.266801
0.6044
0.170173
0.16486
0.156576
0.185231
0.088416
0.334198
0.161791
0.065179
0.074033
0.146525
0.001974
0.407385
0.063405
0.072158
0.094695
0.121397
0.003043
0.042975
0.188078
0.252231
0.393618
0.307272
0.121203
0.063382
0.078886
0.185219
0.000993
0.414288
0.451682
0.177608
0.040738
0.137076
0.127476
0.482713
0.098282
0.214706
0.340627
0.213928
0.241202
0.018193
0.249791
0.262317
0.000872
0.085466
0.002184
0.102602
0.132117
0.139864
0.335279
0.028173
0.162327
0.037382
0.130624
0.222624
0.268491
0.322471
0.511996
0.217609
0.187912
0.073622
0.142621
0.000937
0.294338
0.220725
0.215488
0.178283
0.087024
0.104915
0.162751
0.022892
0.0242
0.275024
0.094278
0.040275
0.067888
0.001034
0.051674
0.17428
0.59157
0.130711
0.14183
0.09619
0.062195
0.002517
0.0592
0.087999
0.231842
0.056878
0.029842
0.456387
0.224127
0.000662
0.192779
0.048958
0.35706
0.028031
0.37064
0.033473
0.181736
0.153643
0.568431
0.054386
0.240063
0.078907
0.22786
0.001362
0.040345
0.164149
0.01852
0.125446
0.196834
0.04891
0.150353
0.061169
0.025447
0.071775
0.083352
0.098197
0.389565
0.048888
0.18236
0.447009
0.260776
0.334815
0.189724
0.021638
0.001285
0.046928
0.255588
0.141918
0.140274
0.211192
0.055792
0.114835
0.025981
0.173052
0.446323
0.028208
0.10144
0.213695
0.041296
0.227133
0.001016
0.015806
0.176575
0.01263
0.075445
0.057127
0.002544
0.092624
0.070481
0.280699
0.437088
0.050033
0.045047
0.067683
0.273056
0.047238
0.168286
0.257674
0.055827
0.044141
0.001433
0.000664
0.279673
0.220618
0.001249
0.259795
0.221157
0.5634
0.02667
0.096465
0.042592
0.137653
0.089993
0.182874
0.093686
0.021531
0.063598
0.001039
0.318745
0.300671
0.133803
0.163919
0.170138
0.344852
0.00233
0.02202
0.212545
0.144495
0.309603
0.231945
0.262006
0.477081
0.119067
0.091499
0.453004
0.141515
0.176765
0.196158
0.468039
0.35936
0.263243
0.152638
0.038104
0.150147
0.123906
0.000809
0.051567
0.321964
0.481404
0.2621
0.118017
0.286674
0.073504
0.061356
0.106454
0.077716
0.409287
0.023996
0.028883
0.003946
0.095958
0.410168
0.04576
0.000652
0.29196
0.369524
0.305254
0.142866
0.429395
0.273868
0.242699
0.198937
0.143931
0.197043
0.117943
0.1428
0.178678
0.206454
0.105407
0.002069
0.136739
0.111023
0.001564
0.129422
0.203486
0.420639
0.000903
0.051883
0.032149
0.313021
0.17464
0.150508
0.099171
0.053595
0.043758
0.123049
0.41161
0.04714
0.178966
0.144774
0.215377
0.00081
0.001168
0.369246
0.433797
0.177928
0.358593
0.277896
0.120425
0.167314
0.175282
0.000991
0.332619
0.220657
0.176395
0.020316
0.09279
0.896729
0.107773
0.256521
0.036374
0.050107
0.27188
0.001145
0.116155
0.000535
0.311286
0.001797
0.093171
0.210493
0.05686
0.353739
0.035007
0.04281
0.720712
0.124368
0.22766
0.236617
0.040874
0.072804
0.028934
0.001171
0.040108
0.195419
0.440925
0.042589
0.406989
0.436557
0.147516
0.057528
0.080132
0.224542
0.173217
0.059562
0.176909
0.063137
0.117032
0.004467
0.22403
0.716197
0.451736
0.157622
0.117598
0.316632
0.287972
0.095637
0.180288
0.150872
0.34057
0.169095
0.163951
0.127231
0.074576
0.036426
0.059599
0.154898
0.153067
0.00209
0.059308
0.158359
0.044185
0.042768
0.161265
0.141581
0.03212
0.046179
0.436577
0.002846
0.156445
0.021113
0.002205
0.499208
0.292376
0.032568
0.112993
0.001072
0.111062
0.044647
0.523969
0.54082
0.235303
0.042223
0.006361
0.219524
0.335923
0.187337
0.17868
0.082667
0.455981
0.123632
0.034285
0.043425
0.164497
0.133193
0.053082
0.461391
0.074375
0.399651
0.047794
0.167696
0.040331
0.300375
0.04792
0.162017
0.002083
0.115191
0.070304
0.536496
0.135299
0.087076
0.001267
0.195632
0.001303
0.076641
0.555089
0.022797
0.015355
0.222185
0.277942
0.17338
0.368089
0.088161
0.340038
0.509802
0.106352
0.278795
0.123839
0.548688
0.531774
0.109449
0.04183
0.152717
0.044076
0.475943
0.224108
0.252313
0.019103
0.152109
0.207823
0.153002
0.071309
0.1157
0.086303
0.120434
0.186151
0.042438
0.104248
0.233048
0.086442
0.153745
0.161383
0.481635
0.582714
0.178228
0.194193
0.086787
0.12422
0.062399
0.094411
0.000755
0.152051
0.000995
0.118484
0.382014
0.061055
0.12112
0.024946
0.03544
0.3381
0.052227
0.397323
0.115819
0.273174
0.00147
0.453032
0.054523
0.073243
0.365424
0.563834
0.078668
0.024213
0.056443
0.137147
0.184063
0.322445
0.001428
0.001598
0.04918
0.094388
0.139942
0.073248
0.000789
0.001045
0.060365
0.045597
0.019221
0.001119
0.214582
0.001197
0.18821
0.762124
0.079636
0.175098
0.037514
0.04754
0.022145
0.11962
0.093994
0.153189
0.028955
0.003828
0.11146
0.101725
0.001158
0.052067
0.063173
0.024494
0.26212
0.306654
0.15037
0.102367
0.064497
0.106703
0.123709
0.002876
0.040865
0.332916
0.048085
0.500112
0.286704
0.00123
0.2999
0.369745
0.001975
0.057245
0.16102
0.107156
0.094896
0.058779
0.204048
0.000707
0.142644
0.342862
0.064297
0.072867
0.291145
0.20574
0.392947
0.335918
0.233194
0.084803
0.093969
0.413874
0.014381
0.088988
0.001565
0.212401
0.17451
0.025357
0.132637
0.004518
0.167424
0.457184
0.703424
0.075259
0.001915
0.050275
0.091043
0.08999
0.035592
0.190016
0.489471
0.022924
0.056127
0.367071
0.003867
0.064648
0.064082
0.0812
0.177138
0.322633
0.397351
0.483558
0.280719
0.025734
0.089822
0.316517
0.138215
0.266789
0.066645
0.149993
0.198169
0.351913
0.10361
0.108591
0.001259
0.003858
0.040141
0.005421
0.150981
0.081693
0.296821
0.477841
0.552101
0.143934
0.400389
0.07251
0.612273
0.002116
0.080429
0.085482
0.045231
0.001422
0.036386
0.001713
0.414125
0.23605
0.001106
0.330836
0.109014
0.057522
0.044562
0.451131
0.129226
0.10042
0.180775
0.000807
0.324807
0.072009
0.03846
0.366139
0.527281
0.458722
0.072533
0.057174
0.08177
0.194229
0.001158
0.495608
0.088034
0.119195
0.197451
0.153883
0.168488
0.280833
0.066149
0.307204
0.424235
0.128675
0.000728
0.400056
0.000884
0.653107
0.073144
0.17744
0.135572
0.107738
0.020262
0.094746
0.280831
0.199784
0.192045
0.00078
0.023027
0.084534
0.418317
0.157986
0.16972
0.346117
0.421822
0.000755
0.099274
0.13929
0.001278
0.022521
0.392497
0.129739
0.502621
0.027643
0.347382
0.138992
0.0008
0.173532
0.166862
0.18745
0.245719
0.240989
0.216792
0.001541
0.259244
0.162432
0.099392
0.035603
0.074989
0.065853
0.002114
0.138165
0.380338
0.158776
0.03322
0.16583
0.041556
0.094281
0.08457
0.266092
