442.145
710.08
287.757
713.528
575.861
403.215
173.829
691.801
270.301
437.274
530.77
176.284
55.5428
466.174
790.901
700.023
74.5185
46.0977
75
672.09
710.115
164.744
66.6483
414.3
56.5685
48.2701
692.8
406.979
567.619
729.661
701.052
682.236
653.792
178.737
451.617
533.547
503.171
535.924
665.197
501.306
49.5177
59.1354
519.953
234.066
426.012
449.082
509.7
467.979
52.7731
528.296
163.34
501.553
486.538
219.501
547.201
499.435
638.247
654.511
293.913
541.447
460.359
449.001
271.686
541.996
455.77
392.707
484.397
669.813
775.251
186.165
486.677
28.3019
46.4004
425.558
464.279
720.807
501.619
529.562
526.706
522.434
486.165
471.803
431.867
424.909
46.1411
512.12
449.219
464.72
816.51
539.282
11
176.631
532.324
434.925
493.937
429.192
457.01
212.75
440.828
626.095
555.112
799.595
330.34
290.386
190.491
189.89
451.848
662.077
440.5
467.566
502.116
425.232
663.39
669.021
450.746
496.017
414.903
471.097
446.636
28.3196
254.186
472.474
519.015
687.082
392.215
735.587
272.951
36.7967
559.566
458.342
499.577
538.197
391.062
640.628
60.0833
702.723
646.238
687.464
575.47
459.533
47.1699
275.901
483.595
184.692
436.697
496.251
528.552
566.926
45.0111
433.605
558.385
193.212
172.05
800.102
463.759
733.448
424.476
571.959
52.3259
478.912
434.72
407.727
467.067
221.909
461.136
407.593
504.942
526.296
457.26
654.824
267.973
15.2971
552.899
467.318
452.22
189.699
271.219
494.264
818.41
705.351
185.842
668.431
372.378
459.558
46.5725
506.186
41.9762
520.614
492.246
471.602
411.379
714.004
425.631
440.989
430.277
444.105
653.012
489.917
492.327
756.401
483.465
288.205
462.044
505.66
456.037
720.663
262.09
438.167
725.739
440.579
469.51
706.696
468.693
302.582
465.449
532.437
655.882
449.027
444.761
34.0588
669.919
377.331
504.751
423.947
742.458
660.009
432.401
398.215
466.339
27.5136
181.334
466.339
698.389
749.513
528.716
654.907
458.729
252.083
148.448
486.422
507.364
46.6154
550.824
431.361
516.576
292.147
453.165
537.804
632.059
253.452
689.504
270.624
19.105
523.872
498.43
268.31
457.84
32.9848
652.377
678.343
489.151
197.321
529.743
513.813
427.556
708.367
663.731
667.67
424.925
400.868
517.365
669.208
526.25
509.302
676.573
463.107
177.636
37.3631
648.488
664.966
283.088
444.854
364.208
399.235
462.232
301.762
285.194
541.548
517.048
466.198
715.443
470.12
527.296
451.132
403.864
652.089
45.1885
422.524
37.6431
456.098
385.241
39.0512
29.4109
17.1172
482.926
671.159
685.994
22.1359
466.811
49.0408
382.626
683.327
801.533
559.635
543.607
423.777
282.833
447.041
662.695
470.76
458.246
263.144
494.112
65.8635
709.015
243.725
383.21
175.924
487.421
23.2594
302.155
444.309
550.817
629.735
707.7
469.188
159.231
437.698
477.141
48.6004
672.332
693.972
450.375
266.155
458.915
446.54
655.431
422.081
511.76
646.605
497.262
542.64
181.89
623.209
500.431
43.4166
258.312
12.8062
415.516
392.74
454.856
728.833
183.08
525.014
300.093
164.776
685.924
667.58
661.557
737.3
510.784
538.847
425.146
471.301
37.0135
505.19
727.805
643.628
425.95
436.965
460.279
268.059
298.102
182.169
751.88
379.717
286.085
454.95
30.0167
322.23
498.334
754.44
471.803
443.366
320.133
314.283
52.2015
441.852
280.201
623.415
446.85
292.548
719.143
701.989
22.8254
482.518
246.093
641.424
365.087
710.08
184.092
475.862
435.696
727.341
189.437
653.56
410.778
505.65
57.4891
178.22
464.292
274.326
486.901
499.431
163.469
510.127
186.001
157.152
429.384
447.651
491.288
692.65
308.677
197.668
726.858
673.537
528.323
486.623
262.218
66.4003
316.131
521.425
527.232
493.541
556.757
292.231
413.669
234.986
436.537
746.637
182.602
492.293
654.084
168.374
494.945
49.7393
165.655
490.283
151.3
394.407
272.647
37.6431
549.41
279.234
632.222
629.274
416.007
395.103
274.881
705.913
460.066
495.57
652.829
413.537
293.945
37.108
28.7924
706.291
441.189
52.8015
683.309
676.28
723.071
178.737
453.87
422.657
456.553
176.287
513.193
481.898
193.482
238.912
39.8246
682.474
485.819
500.77
452.57
516.438
722.892
17.088
172.313
526.501
471.139
687.252
522.722
639.746
733.299
466.369
411.585
800.43
529.752
649.648
498.251
813.033
645.852
654.028
666.295
172.768
469.784
406.039
27.0185
421.258
523.545
703.485
703.699
419.281
658.927
251.52
269.047
471.247
429.022
656.74
193.276
259.316
49.2443
475.401
755.726
197.668
26.6271
680.604
699.539
653.787
459.505
627.338
433.691
461.015
272.255
505.686
516.329
150.949
536.039
569.535
510.541
432.159
52.9245
551.65
276.602
49.4773
467.586
479.979
724.271
28.6356
283.831
183.434
629.72
403.723
189.513
406.039
423.539
282.733
420.666
709.534
174.686
386.21
459.168
513.411
34.7131
47.676
707.645
656.775
524.012
678.393
701.845
552.772
496.627
546.005
52.4309
672.48
485.014
437.022
254.939
453.71
804.571
444.253
503.999
273.419
201.395
632.042
56.9386
535.912
12.0416
527.553
30.8058
455.889
533.779
302.602
718.425
265.613
287.912
771.241
496.668
627.38
519.231
270.387
167.979
279.683
24.1661
244.797
492.193
707.158
389.692
649.801
738.124
506.69
168.22
439.839
404.45
540.425
262.359
527.96
319.501
487.086
53.2353
571.825
751.671
714.814
498.398
486.305
702.463
753.65
253.455
570.601
407.088
629.723
464.711
463.04
485.672
231.367
261.88
161.835
447.256
415.194
11.1803
391.731
494.126
182.343
181.704
487.446
429.247
150.757
450.715
724.116
43.1856
549.876
181.89
46.1736
800.05
748.993
248.688
457.004
56.0803
294.486
306.489
796.958
801.274
667.36
173.328
39.8246
544.312
647.449
454.526
483.764
458.675
695.386
264.189
268.54
388.611
451.253
389.431
383.099
744.004
471.882
176.573
390.023
504.159
295.784
656.365
357.704
240.479
43.9318
285.553
388.199
803.319
456.274
414.895
29.0689
511.895
64.2573
256.633
714.922
163.826
151.776
661.429
527.477
470.667
670.052
460.437
558.717
782.897
403.412
528.229
423.051
787.106
687.274
478.308
169.89
452.22
177.625
712.879
510.278
651.392
160.602
434.828
475.71
468.584
440.187
441.169
279.929
487.923
526.259
252.33
552.359
528.53
424.112
441.273
444.303
754.879
744.894
481.597
509.646
363.221
463.699
367.266
435.525
19.799
457.514
21.9317
489.6
743.916
463.619
499.942
278.506
204.127
694.678
275.677
656.74
542.543
685.916
25.4951
704.719
376.293
405.828
694.989
664.796
432.4
163.34
366.303
455.281
539.023
673.514
7.07107
21.0238
328.55
481.697
499.92
479.098
18.3848
46.6476
258.312
437.688
256.435
47.8853
409.697
49.0408
641.235
804.687
431.986
648.198
236.159
293.148
187.912
439.146
479.003
434.256
252.986
17.6918
448.342
398.562
49.0918
248.291
405.541
169.653
657.54
444.314
452.892
390.755
419.321
490.708
474.27
19
298.854
694.034
427.741
736.072
525.359
29.5296
709.346
703.736
60.407
156.232
443.651
452.757
277.937
259.404
508.778
28.6007
184.692
675.479
452.496
284.089
539.575
519.363
811.479
682.968
685.735
421.543
476.842
734.375
261.261
266.373
17.6918
503.542
501.99
193.283
451.078
29.5296
522.174
738.264
801.087
266.055
44.1475
379.411
434.195
427.144
205.226
647.744
687.138
256.5
402.02
644.137
15.8114
458.574
222.195
441.179
532.324
704.719
720.776
641.999
689.965
211.531
388.177
510.127
420.416
624.225
281.569
474.1
642.113
634.794
482.83
447.132
38.2753
16.2788
179.409
56.0357
460.149
242.142
649.329
802.758
714.06
467.717
750.614
406.059
806.666
49.0306
378.357
192.296
296.698
39.4081
305.953
44.5982
800.871
768.747
48.2701
669.241
464.162
400.808
281.169
721.508
477.052
398.628
481.023
39.3573
719.559
444.436
179.859
742.909
824.208
657.18
423.495
385.241
436.294
492.016
59.439
812.307
234.844
446.739
467.81
412.758
487.681
641.615
273.843
553.058
759.211
529.571
34.6699
698.98
43.4166
641.797
291.834
472.882
471.633
483.704
200.427
420.96
770.542
485.015
510.62
30.4138
142.952
206.087
650.187
490.247
378.771
760.184
810.991
35.2278
479.354
489.354
29
178.412
669.168
414.349
707.25
181.901
706.625
469.165
34.4093
504.13
476.318
492.797
629.088
527.882
539.667
19.6977
539.692
490.837
274.266
260.677
399.454
301.089
41.7732
497.982
723.737
499.046
267.314
535.551
195.681
439.712
455.697
693.6
