384.861
580.529
60.0506
512.807
602.54
739.491
556.615
513.934
663.262
203.571
374.776
615.062
547.561
457.835
83.0004
759.334
199.152
654.087
588.348
814.56
334.551
582.994
794.969
501.101
698.201
734.863
293.522
755.263
303.736
520.062
471.726
528.788
453.584
552.198
242.366
745.541
163.564
764.058
577.035
493.335
746.056
612.472
636.462
76.0395
600.507
63.6072
39.1032
731.8
590.694
628.658
682.333
483.245
501.279
153.341
616.463
344.548
683.58
77.0659
409.295
601.839
508.245
457.115
806.286
452.761
70.8309
389.503
265.532
669.076
290.308
162.068
749.555
767.104
630.082
688.861
679.088
609.788
473.867
178.314
739.579
719.048
355.02
10.2026
206.458
207.353
221.313
830.405
533.009
605.728
387.282
706.803
306.84
328.847
196.836
599.566
194.554
632.827
705.007
281.347
645.516
42.3144
35.9531
685.301
313.788
671.012
205.853
249.852
632.251
601.048
509.783
471.325
634.105
817.591
598.797
695.866
295.079
819.748
738.283
512.59
296.522
518.214
77.0371
485.279
688.556
515.506
773.944
589.279
798.982
818.524
75.5618
232.484
195.523
15.7886
652.311
469.824
776.065
500.104
744.654
770.724
579.522
55.8671
310.295
591.295
555.59
413.331
58.3279
659.506
383.866
419.784
56.3171
763.011
340.342
87.9891
424.079
510.539
581.34
209.367
310.323
707.083
371.044
468.241
178.864
548.366
326.06
762.839
614.093
805.587
707.981
292.835
316.985
512.108
425.075
668.789
635.012
172.108
207.802
722.545
284.849
501.486
289.934
366.04
122.577
569.84
817.262
599.838
525.279
602.863
58.2869
477.831
645.034
676.858
725.028
525.822
156.319
314.071
638.802
670.274
709.816
176.543
607.303
210.362
669.096
482.301
72.2963
320.826
375.028
715.31
688.06
717.827
470.726
541.25
40.0901
61.0828
601.064
57.5589
431.817
681.552
628.104
605.603
88.3078
404.309
260.347
795.839
743.327
237.04
361.001
478.6
226.969
398.861
103.092
589.349
476.54
34.5665
527.033
789.235
181.114
579.779
80.1879
336.985
601.847
65.9811
601.1
682.582
403.528
507.573
593.578
717.917
653.497
568.575
432.095
190.325
624.85
94.533
608.824
650.859
475.51
533.029
252.55
331.376
669.766
444.855
723.2
541.279
608.052
330.757
629.053
572.555
696.795
57.8475
458.92
37.5201
66.2975
450.309
583.558
369.526
587.606
713.311
767.363
154.862
43.6056
553.603
81.219
593.263
391.083
763.54
198.571
75.2734
675.56
574.593
598.517
182.332
319.517
747.756
110.523
356.088
737.604
271.518
572.484
663.303
725.255
209.772
612.553
733.057
47.587
616.466
674.595
218.265
748.067
578.281
570.037
641.864
558.86
263.924
287.595
613.014
719.591
769.107
490.307
576.464
693.259
770.546
686.863
776.108
217.141
192.536
718.075
637.865
705.424
753.323
288.593
478.815
755.276
751.315
75.3187
569.842
402.263
403.008
762.579
679.258
597.822
687.091
652.78
259.092
716.099
440.261
717.33
596.742
651.312
803.546
188.55
190.561
173.602
318.198
597.564
620.01
275.07
58.5007
287.856
641.029
417.022
294.36
271.27
130.057
653.78
674.322
114.018
420.097
618.759
79.0992
56.9892
265.554
550.604
284.336
452.57
537.348
214.715
420.569
192.85
52.3446
103.777
778.729
567.552
40.006
313.305
616.557
741.614
587.04
294.79
552.808
645.365
521.295
36.5311
769.473
538.516
561.608
500.804
323.024
396.284
593.554
60.3496
441.26
533.821
445.543
639.109
753.853
297.344
453.031
628.522
673.016
584.004
125.756
582.522
508.306
17.658
37.2792
599.921
319.711
614.269
636.366
436.826
231.342
282.554
353.77
188.518
665.021
476.544
607.551
590.825
618.338
56.0316
311.352
603.106
492.444
635.046
507.443
481.103
271.272
712.335
735.183
32.0357
403.772
335.346
561.3
70.2877
67.7613
697.039
322.52
587.565
621.815
527.576
80.5754
578.803
655.343
46.5374
573.26
33.0064
45.8003
332.202
340.513
127.838
666.77
235.324
54.3102
180.814
516.745
785.341
737.057
27.2882
614.08
489.34
670.791
652.845
781.115
192.863
630.477
685.296
236.094
168.314
720.575
773.893
300.762
749.853
605.866
523.309
724.496
745.611
25.3182
699.566
656.347
664.737
463.608
199.781
86.7836
517.853
614.315
359.676
325.505
701.33
582.523
715.43
67.3107
780.968
583.093
479.067
573.82
788.521
597.611
630.022
761.902
512.792
349.09
314.29
662.016
620.295
722.812
667.846
589.488
158.963
78.2228
472.306
225.59
135.718
162.028
147.59
675.41
341.819
705.61
748.512
615.092
419.097
47.3371
437.781
631.113
527.839
625.605
35.3131
603.615
592.794
535.563
639.817
353.093
723.858
456.818
716.06
616.242
709.537
308.775
811.287
564.337
565.076
640.797
54.9061
482.024
564.013
196.03
35.7148
612.862
604.307
515.296
677.031
550.592
6.88644
476.077
239.705
619.82
204.859
16.3731
785.52
275.811
293.01
125.038
203.781
629.999
635.841
774.014
30.5414
39.7376
641.528
764.36
494.286
682.589
488.612
209.847
264.114
217.786
417.53
226.523
591.346
202.292
618.562
316.575
593.807
691.5
692.612
381.599
627.358
218.121
317.704
331.028
189.86
752.501
361.875
644.082
76.2862
734.847
287.829
586.616
568.339
666.795
704.315
801.366
628.54
570.303
423.338
672.077
201.841
700.768
64.7891
549.361
309.606
768.83
797.96
601.486
796.607
595.084
756.411
483.356
295.278
651.56
570.319
663.248
180.351
323.279
277.756
630.291
304.03
355.772
701.095
70.5333
484.07
459.269
429.847
498.745
795.515
174.038
466.806
627.097
350.435
523.82
507.553
181.36
690.847
468.509
606.754
677.486
767.424
752.81
572.861
145.36
159.592
775.799
620.809
705.84
622.348
740.78
232.106
695.039
208.84
637.587
205.855
479.288
200.036
364.237
532.897
719.57
160.764
474.843
312.739
264.866
42.7314
491.004
363.298
738.595
132.359
749.077
712.129
18.4646
331.843
51.0054
219.529
458.277
570.842
408.588
435.551
455.602
512.528
631.468
696.565
73.2968
70.2893
232.816
558.238
656.08
51.784
719.616
657.101
233.524
443.606
813.324
680.363
198.055
424.332
727.413
365.551
556.308
476.866
708.276
355.601
429.766
667.781
584.601
41.0015
321.336
637.246
663.773
564.524
454.099
50.9999
62.8143
80.2774
144.113
657.493
483.11
608.562
69.9191
641.017
285.753
429.797
621.767
678.591
664.804
686.353
575.859
647.542
560.344
223.301
615.545
762.299
676.551
187.06
477.316
48.9649
231.014
715.844
371
319.354
441.333
281.612
714.237
48.593
53.8176
230.606
637.841
556.595
580.119
769.318
308.056
483.57
697.552
684.574
618.275
632.053
297.773
6.87535
271.482
330.256
68.0938
49.2572
600.047
82.7769
734.35
245.745
417.617
762.07
482.025
217.338
778.817
155.858
629.954
551.615
447.596
232.306
284.512
162.077
623.025
314.809
669.758
432.024
286.786
793.347
652.349
202.578
467.805
532.618
761.054
41.3448
484.027
27.5365
602.098
245.561
386.338
616.307
335.615
781.761
391.08
696.779
408.96
44.924
625.131
598.738
343.991
216.355
355.729
258.57
164.82
618.033
745.23
756.034
388.499
674.301
341.848
92.0582
193.331
29.9951
718.05
557.549
735.768
584.308
342.562
520.267
140.018
337.799
576.861
176.072
697.533
404.517
51.9748
620.779
680.59
473.352
757.367
194.062
191.851
720.182
655.844
531.297
375.828
537.734
352.042
765.16
333.828
82.6079
635.283
604.1
606.824
672.35
426.845
81.7691
779.006
747.101
776.529
376.26
609.514
239.577
197.263
668.604
182.096
244.514
430.478
436.313
48.2809
28.2402
704.315
786.334
223.364
418.754
195.292
659.364
379.089
677.361
493.294
184.808
544.038
226.84
312.845
399.539
490.109
470.723
379.766
685.064
689.833
643.665
480.771
546.722
693.017
37.2318
315.296
250.341
474.565
694.126
198.043
650.79
621.025
366.802
593.589
714.017
378.346
795.345
612.329
201.607
565.301
400.484
800.866
104.26
90.3057
463
380.546
491.817
574.857
767.779
455.78
664.539
607.85
514.805
617.802
35.796
544.815
24.7676
435.006
220.523
232.332
89.5546
579.357
582.582
183.342
554.546
39.4707
583.067
168.364
460.371
620.849
47.8247
331.363
103.836
789.811
618.035
504.335
94.567
714.324
586.255
710.255
610.48
665.312
502.791
696.782
505.82
486.05
246.824
530.016
209.779
308.114
570.257
325.1
631.271
625.783
148.811
319.288
776.317
693.312
51.2959
586.866
686.105
404.56
180.321
464.365
233.575
791.558
221.547
74.6163
715.86
196.05
451.344
737.734
215.283
546.753
462.272
755.001
751.857
493.79
283.614
700.357
