333.477
525.854
42.5441
448.484
540.815
652.42
502.639
478.194
620.814
182.483
345.184
531.748
491.85
381.225
59.7746
700.46
166.373
596.536
554.15
711.505
309.592
539.643
714.37
459.11
645.043
696.6
247.699
707.44
232.875
489.516
413.252
484.555
430.725
500.934
188.312
666.269
153.323
715.032
544.761
446.784
686.839
571.982
591.244
60.0167
561.338
48.3735
32.573
648.998
541.28
584.115
619.076
437.339
441.474
138.033
549.959
302.329
618.299
53.6004
379.06
564.06
455.81
422.308
719.654
389.789
46.0109
343.837
176.647
617.028
261.592
140.431
672.484
712.405
556.384
646.771
641.297
554.57
449.447
166.029
685.183
668.792
307.915
7.61577
174.263
181.363
197.927
728.128
470.519
559.921
365.836
572.522
297.273
298.752
177.767
555.916
180
585.216
641.395
251.537
591.283
10.2956
26.4764
622.988
288.047
616.73
183.846
203.815
560.94
562.034
468.899
443.547
572.822
713.269
549.799
651.198
247.697
690.492
676.944
456.888
265.125
452.69
63.7887
457.569
610.528
467.001
704.143
546.165
723.982
698.108
65.2763
197.238
170.95
10.7703
598.894
442.791
688.856
441.347
651.887
712.292
515.544
26.4008
291.71
499.516
502.599
351.434
43.4166
620.047
337.724
382.099
43.6005
697.766
312.626
58.8218
394.516
473.77
540.751
171.852
273.87
643.196
348.162
434.656
167.407
506.228
255.066
713.685
575.846
717.838
663.792
265.458
285.107
456.339
379.966
617.077
575.968
146.892
190.538
681.442
275.768
453.77
258.729
296.634
112.294
517.157
711.535
575.741
482.623
551.614
36.4005
389.066
578.901
607.392
660.012
434.641
136.235
294.562
556.015
614.698
653.293
153.838
578.847
173.944
626.227
431.472
50.9902
287.535
339.766
647.267
621.019
661.751
439.695
450.382
13.8924
39.0512
557.66
53.2259
386.197
624.193
563.787
538.888
62.8172
354.915
237.06
707.87
685.094
222.878
344.363
422
193.863
362.946
71.5681
551.48
432.721
27.313
484.412
670.523
162.364
529.556
54.0833
302.609
513.952
32.0624
540.555
643.74
367.408
429.423
546.74
674.168
598.078
500.026
381.438
178.272
568.13
70.0643
539.746
600.544
408.427
496.256
233.929
248.874
615.919
394.094
648.885
478.079
567.194
309.377
556.615
545.757
656.751
47.7074
422.308
32.45
41.5933
434.711
536.806
335.009
556.863
667.482
702.165
123.491
15.6205
518.918
64.7611
517.845
308.682
712.823
166.609
64.1249
616.812
516.703
559.359
163.165
296.007
687.634
73.9797
338.071
656.087
251.013
539.173
579.752
673.389
179.44
553.392
682.906
40.05
568.404
617.414
189.122
696.578
524.711
471.313
570.658
517.819
220.12
269.793
569.956
656.247
700.084
454.946
533.662
622.485
700.432
615.741
725.277
201.645
142.524
652.427
599.949
665.707
676.607
256.804
426.841
706.825
665.865
74.7329
548.86
370.075
352.943
714.356
620.875
547.824
624.668
611.712
210.39
669.038
380.216
647.529
560.065
595.372
732.307
173.28
167.105
159.298
307.697
545.306
570.772
219.304
53.1507
250.71
595.765
362.989
281.716
215.89
116.52
619.509
633.694
111.162
377.944
563.287
51.0882
41.8808
243.224
492.857
253.168
434.656
478.698
179.869
385.099
181.818
44.643
64.0703
709.537
532.038
33.4215
278.081
555.91
692.493
512.58
254.982
525.145
610.078
472.156
13
642.128
490.85
531.17
447.586
256.186
338.667
548.519
45.3431
396.346
465.2
416.879
590.902
706.179
253.995
382.094
561.448
627.423
525.338
95.0211
537.27
444.396
15.2643
8
553.682
296.136
553.036
577.457
396.417
191.133
255.026
320.312
177.305
606.319
446.265
552.447
555.141
558.955
43.6005
287.602
559.236
427.748
595.153
458.766
447.738
243.224
644.395
655.764
30.0832
326.034
300.772
513.636
45.3542
43.4166
653.817
270.912
544.801
547.111
482.429
62.2896
549.009
616.533
33.0151
459.169
22.8254
21
303.615
298.667
122.809
581.124
190.796
49.0306
159.261
482.767
663.621
691.423
23.0217
563.823
437.74
608.486
610.632
728.027
185.973
580.241
656.84
189.316
153
657.729
702.629
286.721
642.156
571.359
455.437
668.815
675.945
18.6815
616.822
590.572
563.236
438.519
183.831
71.0282
470.589
561.648
336.455
307.374
617.899
534.57
682.709
58.0517
717.762
555.553
422.802
537.917
725.323
547.684
547.459
710.252
468.332
332.188
283.924
593.029
559.67
652.675
615.758
528.437
137.306
67.2681
442.594
195.44
119.604
131.244
122.037
568.132
270.837
633.667
669.112
546.248
351.015
33.0151
392.227
586.984
469.791
479.727
13.6015
529.542
539.413
492.566
563.078
321.386
664.649
421.311
637.413
565.611
644.881
283.134
719.667
500.498
516.67
578.007
42.2019
419.073
534.82
179.914
13.0384
550.162
551.707
484.361
608.555
489.201
6.40312
449.447
231.448
560.365
183.863
12.6491
718.67
236.541
259.871
96.1873
186.217
573.955
574.906
733.556
26.4197
25.4951
581.585
721.05
446.114
633.667
445.914
191.468
197.114
191.539
370.929
191.287
547.655
177.889
569.494
304.806
551.33
627.733
641.617
353.572
567.881
192.836
300.832
314.108
177.553
685.978
320.982
565.456
62.514
668.158
257.587
538.474
531.211
559.527
630.593
728.863
554.758
475.664
384.053
589.859
188.003
660.183
45.3542
515.179
274.259
712.594
715.16
563.091
701.332
551.797
723.77
426.478
255.06
588.718
542.797
615.835
160.248
294.742
271.678
580.564
276.985
331.004
626.481
63.7887
439.928
389.621
389.309
448.418
703.399
143.171
437.022
583.102
297.066
489.923
477.088
161.124
622.905
446.535
562.588
598.088
685.002
684.757
513.414
122.642
147.231
719.291
581.568
645.382
561.649
642.041
203.476
618.821
197.732
576.32
191.169
442.613
177.913
312.808
507.701
679.286
146.086
455.927
265.559
227.221
28.4429
427.234
317.686
678.544
129.468
687.089
623.111
10.4403
311.385
26.6833
193.35
404.912
540.9
370.615
398.328
410.867
456.464
573.581
628.824
55.7136
54.2033
184.756
522.335
597.099
36.2353
666.669
600.145
211.242
418.123
701.888
603.785
170.435
378.987
627.456
325.263
484.005
437.848
678.352
327.432
362.289
621.096
528.432
9.48683
234.939
570.892
593.109
499.026
398.839
46.4004
43.8634
64.2806
128.062
575.033
433.168
538.41
65.1153
553.573
269.349
385.991
548.13
621.196
602.283
594.59
491.811
591.436
509.333
208.756
551.386
679.942
621.017
170.801
444.576
42.0476
198.21
636.965
337.444
302.852
338.045
260.059
670.252
40.1622
33.6006
209.228
576.615
506.626
525.129
701.832
284.057
438.84
608.67
648.053
562.488
548.662
258.573
3.60555
250.099
301.477
58.0775
35.4683
534.345
72.4224
687.109
208.935
376.712
707.441
435.118
192.16
708.985
142.279
540.878
513.83
417.579
206.574
249.466
139.821
563.645
284.743
601.487
397.353
248.085
720.264
562.606
191.883
423.047
468.049
694.706
27.5862
426.084
26.4008
554.203
220.464
366.487
541.858
313.253
722.202
371.021
633.819
375.597
22.4722
566.747
553.331
308.761
195.273
334.211
223.674
132.518
523.654
671.939
698.883
364.764
605.32
317.18
64.2806
161.558
13.8924
677.884
536.545
664.99
541.313
305.623
448.949
130.981
320.809
542.291
165.593
647.478
380.993
28.0179
566.411
619.871
417.155
679.581
172.424
177.815
655.16
595.765
498.912
361.125
485.709
314.249
717.599
317.222
64.7765
575.428
557.127
574.562
596.536
368.808
54.5711
696.787
666.155
725.982
333.357
578.09
211.811
187.203
609.988
165.158
212.815
380.581
380.026
32.28
26.4008
617.64
728.55
204.94
383.422
173.488
598.141
363.226
627.843
461.046
149.777
507.694
193.297
279.759
388.761
442.037
414.754
359.624
634.692
612.915
609.884
433.553
514.97
614.32
19.2094
301.062
199.462
423.802
645.113
174.599
610.811
573.994
320.663
556.705
591.114
347.999
702.528
578.39
181.819
490.283
360.716
722.808
102.176
66.1891
426.627
346.268
437.082
549.843
676.944
410.653
575.184
560.974
453.763
564.579
10.7703
475.318
6.7082
391.764
189.634
191.994
72.5672
550.636
555.242
164.985
518.25
38.8973
525.321
156.978
422.647
539.904
31.9531
297.597
99.0051
698.238
557.7
436.788
72.5672
627.623
542.994
595.781
554.326
602.552
470.674
631.249
475.612
420.991
236.691
448.996
181.73
272.064
534.925
302.087
592.715
599.267
139.943
305.828
664.659
610.066
22.8254
526.146
612.811
373.576
160.622
454.76
209.534
690.602
174.765
43.4166
657.448
169.956
422.274
669.068
193.87
514.545
412.52
700.895
696.578
448.263
277.649
617.1
