270.611
257.023
268.6
305.241
270.792
338.783
281.387
332.775
110.782
361.847
147.857
310.108
93.5254
348.793
220.068
75.2358
186.229
63.1084
283.501
256.308
359.106
398.261
233.019
217.367
370.595
218.728
196.499
199.334
306.75
56.3505
347.357
305.093
93.7842
114.221
142.049
151.311
299.423
58.0819
105.116
368.311
228.085
373.763
316.509
44.3454
229.497
322.577
407.319
189.28
256.851
161.512
151.263
358.827
193.84
314.112
111.6
90.031
390.299
399.505
310.379
315.11
409.55
200.782
124.341
413.822
328.527
228.088
88.1149
201.793
327.27
346.772
311.041
388.594
354.026
241.811
263.056
189.545
396.786
126.508
167.782
306.03
286.944
271.762
313.824
259.26
141.278
364.769
319.486
311.049
302.044
300.549
328.483
70.8415
162.22
423.352
185.296
262.57
240.457
420.275
170.684
236.779
136.093
117.087
237.103
281.298
117.286
119.816
252.527
82.1052
205.858
229.789
112.558
310.258
102.592
132.315
99.3065
387.843
389.583
63.74
90.2197
159.049
228.026
277.029
233.341
315.088
373.795
356.814
266.821
298.324
447.404
171.117
276.859
300.492
286.094
267.01
119.549
348.508
269.816
262.115
248.559
408.09
332.798
302.993
104.546
189.261
271.549
313.593
292.351
399.767
332.773
469.796
259.554
328.259
310.099
350.728
140.7
37.0472
340.848
179.975
146.515
167.835
15.6433
177.866
257.006
249.502
310.252
305.547
292.301
67.8189
197.242
160.066
241.489
271.791
156.325
105.035
178.583
338.034
380.808
430.701
120.569
316.782
291.113
321.607
302.767
323.246
240.034
480.061
282.286
80.5711
316.786
281.775
286.802
304.092
184.536
237.528
165.006
144.338
194.271
289.365
168.797
277.032
226.284
305.073
218.115
94.2431
183.791
97.5563
189.298
157.093
305.046
330.081
274.032
164.016
344.113
336.02
279.11
227.269
302.847
157.993
88.4584
264.002
279.263
223.023
54.6149
174.019
399.033
172.669
192.013
187.306
127.079
224.307
100.573
332.028
161.778
209.319
351.272
158.115
180.599
202.401
208.278
107.33
219.264
298.824
195.064
282.183
438.864
154.322
178.539
88.3328
343.786
92.8377
170.187
229.353
225.587
193.103
273.219
202.34
328.533
107.772
409.826
291.522
295.786
68.0876
172.08
98.5098
98.2935
287.526
188.803
363.566
311.547
97.6616
298.788
248.813
311.481
133.066
302.996
300.029
250
93.3346
305.012
325.973
101.426
134.005
328.824
302.85
286.827
159.116
212.522
306.554
167.853
81.5801
83.8044
104.85
273.587
196.05
290.542
80.5017
291.535
312.943
261.851
240.038
359.543
147.528
152.243
219.539
242.828
99.8042
279.8
82.0669
267.556
177.363
111.293
208.813
242.541
107.616
303.066
313.016
319.81
208.734
328.792
307.226
86.5512
403.782
114.366
349.596
192.358
225.302
305.735
46.8721
224.791
250.582
400.882
108.838
132.236
479.558
78.7513
146.103
308.107
246.862
284.854
218.583
213.396
397.677
209.011
403.249
254.107
315.063
137.99
317.555
190.789
379.54
69.8509
324.53
352.062
93.8114
204.102
267.834
294.099
295.335
330.548
127.774
271.276
231.601
216.612
292.377
256.029
278.583
151.334
274.759
288.83
286.106
183.873
170.09
311.585
209.804
365.265
223.08
72.8938
340.05
75.7257
320.265
278.042
406.759
199.481
294.603
289.304
171.35
333.712
255.314
127.465
288.065
139.07
190.837
258.785
262.552
345.791
264.492
210.36
96.8178
242.86
96.8113
213.057
298.59
274.842
250.815
88.8287
228.571
114.096
76.4907
342.271
119.701
232.117
307.684
69.7598
369.724
195.001
304.779
165.218
212.247
166.96
256.922
290.276
297.593
264.82
255.031
178.026
143.048
323.52
247.367
141.593
402.766
244.606
240.756
276.025
215.096
265.045
281.31
218.587
281.036
60.3189
84.8403
359.56
222.252
228.072
267.095
325.988
279.166
315.567
62.3028
236.064
345.09
156.762
348.025
196.541
388.792
205.013
243.568
99.7975
224.803
360.599
423.016
388.527
190.809
300.315
177.508
439.955
208.796
72.9618
172.326
272.343
316.57
342.51
335.756
191.008
195.546
362.78
316.77
302.191
291.576
84.0301
229.794
371.505
106.331
102.866
181.31
262.317
156.585
265.366
251.105
296.07
318.328
299.44
277.584
333.998
247.286
201.1
101.284
217.514
280.021
305.427
317.085
313.615
402.827
333.556
204.717
93.8229
138.524
80.5317
153.557
149.543
341.101
402.777
81.5126
270.299
155.099
83.3077
333.355
354.611
449.774
291.28
262.806
309.862
166.109
238.049
414.782
359.321
134.439
284.299
186.536
213.793
187.058
264.03
138.308
213.791
249.496
241.225
330.771
299.583
141.805
126.769
151.738
340.103
81.7617
94.2965
168.765
348.962
109.057
261.994
234.762
377.55
158.899
137.018
211.498
306.079
214.564
173.664
113.788
134.054
313.544
197.07
215.844
307.103
371.362
197.326
182.631
308.789
370.553
125.515
352.109
327.341
377.336
308.947
274.568
214.232
123.831
265.312
176.796
132.343
232.862
312.589
331.079
378.855
261.086
36.8448
316.481
310.289
167.234
79.9824
443.569
176.386
355.296
314.912
150.091
252.788
226.073
204.35
131.268
189.077
311.577
155.33
297.189
269.108
214.551
96.0764
336.115
220.021
364.696
250.06
275.575
347.508
139.055
314.19
269.734
198.612
306.094
294.582
114.206
351.846
278.56
159.261
286.056
99.3252
223.853
116.321
102.286
273.545
123.798
85.8081
180.071
104.299
116.297
330.544
198.869
84.3666
289.572
226.353
280.018
313.607
201.325
274.616
141.285
227.269
282.992
95.6045
409.025
262.081
194.685
208.772
304.744
103.294
98.5028
222.318
119.603
287.947
87.0711
325.529
187.311
190.497
294.822
239.047
243.041
153.32
167.588
253.491
243.025
317.342
379.784
350.792
305.01
73.2082
325.097
243.3
273.1
106.831
341.05
253.321
351.578
168.777
230.555
140.61
159.755
226.107
273.277
203.571
257.609
170.75
270.038
299.307
181.082
67.0039
312.578
275.09
277.953
408.563
201.269
341.665
412.29
162.305
299.313
167.832
321.35
282.788
242.476
273.999
278.049
241.263
247.786
252.848
271.592
235.346
276.836
200.819
223.527
42.3129
119.738
399.058
234.81
264.864
349.799
108.032
249.112
388.617
355.836
277.98
243.782
225.772
124.602
272.627
351.038
322.11
337.03
73.0859
219.112
264.783
147.253
41.8463
109.866
257.252
277.266
70.3092
416.551
367.771
413.334
305.586
389.561
338.068
120.577
329.351
161.523
229.165
299.325
215.116
380.218
178.273
206.068
224.555
152.603
306.36
212.567
184.531
187.352
396.838
301.271
360.356
178.604
329.968
157.319
122.074
145.072
275.279
224.446
141.76
266.109
165.419
308.478
143.044
169.113
368.76
291.647
345.59
369.751
431.616
158.02
235.551
211.07
363.814
222.797
208.587
203.269
503.774
253.513
83.6115
233.548
292.755
237.575
268.485
402.987
190.408
228.157
303.11
121.054
275.259
257.564
159.834
296.565
342.293
251.286
197.532
332.816
103.071
201.718
244.256
188.078
317.571
167.293
209.787
249.994
300.603
222.052
237.333
155.286
160.805
296.857
315.879
105.337
257.791
196.518
275.528
223.064
136.099
120.959
99.7997
438.665
219.355
108.255
238.59
322.539
126.787
353.287
407.206
159.271
187.798
315.518
292.834
61.0948
369.241
189.856
303.317
240.758
234.244
175.828
121.342
279.566
258.534
236.612
215.565
307.011
86.1047
444.537
329.605
267.364
422.311
273.024
128.253
229.539
299.61
320.112
361.562
284.283
340.965
354.715
426.107
137.383
299.571
207.279
242.833
327.407
286.33
100.31
217.422
341.035
321.809
348.558
63.7245
175.52
366.573
233.086
93.112
349.067
266.329
278.264
50.9873
236.835
241.33
84.7012
62.8662
140.56
185.808
369.077
227.082
264.534
269.17
348.561
292.222
73.6038
210.538
364.36
219.298
360.835
178.013
330.775
318.863
193.46
140.267
126.764
158.041
326.957
310.536
307.046
278.731
180.062
180.614
259.58
143.577
325.331
139.586
179.112
222.509
351.022
244.317
215.989
335.298
71.0001
242.785
279.032
365.472
280.107
230.59
121.986
278.986
105.315
299.16
293.917
324.048
289.283
145.365
54.0562
133.302
291.999
328.247
188.006
111.344
241.337
295.111
216.95
287.188
323.309
89.5991
358.507
232.277
317.321
105.771
349.016
144.018
193.095
311.517
283.509
234.236
125.102
286.538
385.298
211.054
283.041
246.574
280.274
229.44
208.505
188.615
324.352
143.449
384.307
404.089
354.5
352.042
310.271
72.852
311.25
77.0838
227.039
52.5394
277.613
192.754
259.769
224.986
334.781
193.614
122.804
279.849
285.593
357.355
202.781
