482.25
793.015
331.491
793.299
674.711
473.514
184.867
777.536
310.044
527.359
605.36
212.809
80.4261
517.283
870.768
786.026
90.3447
51.5176
150.36
720.958
844.354
182.353
78.7623
461.429
69.8093
79.7846
742.044
490.089
667.328
795.25
770.807
736.496
695.837
204.073
515.642
590.552
575.775
621.853
758.337
562.715
57.2832
74.285
619.543
256.957
491.525
499.336
564.025
512.715
81.5125
609.349
204.055
585.365
520.854
254.83
632.099
566.077
743.03
763.576
325.841
590.174
487.78
525.57
294.336
614.748
496.102
440.759
523.541
755.313
852.329
230.269
527.804
49.0139
63.2884
487.593
515.292
792.482
568.106
591.553
569.518
643.777
586.691
530.035
474.044
496.059
59.5193
570.811
506.352
534.801
915.303
620.365
14.8485
201.025
579.008
479.35
568.573
479.828
491.713
240.541
504.034
709.027
677.473
883.027
347.738
312.034
205.576
224.802
543.563
763.101
466.393
508.277
543.593
479.417
734.762
721.272
500.575
557.033
457.291
522.309
484.557
54.7761
274.746
546.974
614.033
744.077
469.255
836.962
299.501
47.338
606.841
510.601
566.567
590.788
458.319
745.044
60.5985
777.812
741.323
726.368
640.081
493.343
68.2958
304.561
539.849
230.047
474.552
578.243
591.396
630.775
66.0936
495.185
609.755
202.606
196.771
878.651
543.093
831.853
475.104
629.073
64.8123
527.589
491.509
500.626
548.084
250.981
492.092
476.592
572.526
589.313
531.027
778.193
300.609
21.6996
585.702
514.074
511.35
309.828
320.736
553.651
959.335
824.843
221.997
756.864
409.607
520.562
71.5317
589.537
47.5919
594.913
544.197
515.527
476.77
855.844
473.847
497.35
509.07
496.571
714.359
541.504
522.193
826.982
548.598
341.014
524.301
567.295
492.778
840.032
295.274
500.458
780.768
464.825
548.575
752.781
517.318
348.793
492.834
624.793
737.977
514.021
478.737
44.9507
718.301
426.832
557.28
467.328
803.012
749.776
480.314
496.754
538.426
44.539
205.295
541.306
757.557
841.107
631.559
721.863
535.06
281.746
173.271
572.226
570.774
52.2861
622.739
512.29
591.67
316.336
527.792
616.861
722.55
283.08
762.556
282.518
24.781
577.057
580.581
303.313
524.604
54.8158
733.563
742.798
561.547
235.58
588.312
564.67
507.52
787.838
738.001
748.057
499.525
428.831
593.352
764.8
573.041
550.023
733.337
486.055
187.113
61.357
742.079
769.272
318.098
487.154
424.967
448.545
481.339
339.863
321.595
606.796
638.545
532.103
788.858
521.949
578.35
543.263
457.301
778.307
60.0124
494.537
75.8566
479.283
423.607
49.7518
38.2854
30.206
534.261
751.054
776.108
46.8056
511.762
65.2745
455.017
818.111
968.045
609.014
594.799
520.851
381.858
558.504
762.359
539.815
523.576
295.085
574.31
97.2401
793.845
301.538
513.969
185.091
522.253
42.2331
363.573
518.785
613.096
749.325
793.581
527.828
195.038
507.51
562.863
56.0595
758.025
780.532
535.233
292.064
527.05
519.769
716.789
519.286
603.612
732.594
571.317
596.455
198.106
693.035
530.545
43.8281
298.465
17.1529
468.812
449.521
517.604
837.357
222.266
586.672
337.776
174.273
849.317
759.285
832.759
815.269
572.807
579.792
471.311
512.797
56.5779
568.436
800.615
754.799
499.681
476.292
533.513
297.082
335.951
204.857
821.392
434.048
334.088
542.885
34.0488
348.343
566.085
833.779
539.001
477.234
352.284
349.805
72.5301
487.062
322.595
710.606
517.792
315.974
820.61
829.24
33.8204
529.141
278.981
728.819
410.353
787.341
201.086
522.524
590.816
807.472
216.008
732.303
485.782
580.795
85.0203
212.105
556.988
303.82
539.015
595.048
234.115
565.554
219.122
175.093
481.209
507.076
524.675
770.124
332.114
223.552
870.781
760.271
601.337
538.122
297.036
80.1767
375.54
598.051
599.886
593.88
650.31
331.859
486.294
258.601
521.872
869.82
208.512
525.985
735.022
203.776
560.544
55.8424
264.239
572.035
176.753
438.188
305.715
54.3276
607.094
322.764
716.564
723.546
503.613
470.111
291.502
797.726
518.096
566.029
689.301
450.535
309.107
65.6162
37.7817
800.79
505.108
73.6176
816.465
742.07
811.416
205.571
551.777
487.352
491.006
196.681
560.84
559.435
246.837
299.546
56.0614
788.805
581.046
570.827
487.261
574.025
799.914
35.2446
201.114
603.107
538.33
769.413
577.827
744.208
795.291
569.044
450.242
874.301
590.617
711.197
562.021
880.837
695.233
729.283
731.616
211.257
527.784
507.733
47.8742
472.15
569.717
806.813
831.014
457.761
751.303
281.301
344.068
531.254
488.856
734.335
243.349
287.062
77.1093
523.067
881.068
215.321
36.2814
780.546
780.837
729.875
516.3
716.332
497.325
528.593
292.58
554.226
577.56
155.081
595.511
653.916
650.315
471.825
72.5294
629.006
307.266
53.2716
533.241
538.519
777.605
51.1167
321.6
242.24
756.752
463.471
211.263
473.321
464.854
335.86
499.56
824.077
221.017
428.572
497.58
566.246
39.5102
71.5211
787.856
739.977
600.79
757.786
769.264
637.721
560.994
623.563
57.5707
773.365
534.764
506.589
284.068
529.099
890.584
536.247
553.055
327.052
229.019
732.607
63.0662
585.31
25.3101
575.247
42.508
529.808
601.311
331.779
785.281
290.072
316.847
859.066
569.304
692.031
577.567
290.741
178.443
314.108
51.2728
276.419
593.83
784.909
430.208
743.32
835.247
545.593
213.817
495.015
488.052
649.515
300.593
636.945
356.533
536.291
73.0744
662.81
844.592
799.808
547.114
524.358
749.78
868.303
286.365
672.826
452.109
724.541
535.71
559.303
578.047
253.332
289.846
178.909
497.752
519.575
13.9837
435.341
569.792
199.444
203.606
564.086
469.719
188.541
506.929
849.542
61.5403
614.028
201.853
54.0494
879.033
823.182
281.064
508.326
64.7638
315.434
335.334
939.907
871.767
733.518
200.361
56.7999
620.554
747.608
497.84
529.258
542.748
782.292
298.279
315.065
414.59
519.276
486.229
444.589
848.096
573.573
185.535
444.784
641.432
336.776
727.71
392.125
261.672
75.8456
336.749
464.777
886.574
528.357
515.061
47.0212
571.257
75.114
279.09
790.964
194.991
167.295
716.696
603.566
532.346
755.584
507.342
592.794
880.8
445.513
560.331
485.315
862.107
760.559
622.068
193.592
621.038
233.811
795.854
593.799
762.544
211.862
471.78
584.553
502.583
472.088
528.221
312.141
537.672
641.798
286.326
641.064
585.783
490.769
508.105
527.512
826.503
824.253
535.476
592.542
393.215
541.043
455.568
505.865
36.7709
513.96
40.1007
612.292
842.504
530.6
560.141
316.537
245.018
744.319
307.76
755.457
616.578
776.328
38.3113
792.306
418.6
461.086
762.091
738.111
516.272
212.246
405.527
509.89
585.252
727.295
34.5323
53.4887
370.242
543.48
606.973
547.604
21.874
68.5301
273.361
480.585
305.328
67.768
458.04
71.8665
716.517
883.936
517.606
722.919
262.074
307.043
215.501
529.179
541.005
508.301
272.062
32.5592
498.774
427.852
62.7608
287.06
459.31
198.569
761.513
507.709
511.758
448.509
512.283
533.58
544.525
32.6882
343.782
762.994
464.795
822.317
590.621
38.1993
813.594
767.855
92.1949
190.775
510.322
521.859
303.348
297.047
563.522
35.7521
224.886
727.996
482.612
306.805
590.149
593.306
879.101
748.573
769.297
484.057
589.565
793.098
303.334
329.569
25.8003
557.233
585.805
234.833
511.262
54.7753
587.556
834.569
886.075
293.356
70.5023
431.277
489.607
494.497
229.599
764.549
775.523
296.529
484.524
794.298
26.4356
540.786
237.857
491.587
594.533
836.282
802.518
740.505
785.824
241.28
438.772
575.318
481.839
710.54
332.801
574.511
722.041
756.296
536.038
537.513
62.7865
35.2278
198.848
73.0193
496.532
289.988
736.306
916.596
782.763
622.036
842.564
515.799
867.218
84.0179
428.542
209.907
327.315
44.3495
356.856
60.0179
886.786
834.532
70.1086
774.356
512.151
455.066
311.525
773.108
567.922
432.798
539.839
40.0133
784.826
528.632
216.586
853.334
896.223
746.444
478.154
432.218
503.013
584.789
64.5853
916.805
263.598
528.059
517.686
500.606
544.485
764.782
307.589
612.553
855.085
605.318
38.6129
786.014
46.8052
730.091
351.102
535.029
530.587
537.789
233.768
454.533
872.1
515.329
585.009
42.6077
200.079
224.084
715.544
560.1
426.555
858.788
899.297
38.5122
546.082
543.323
50.0174
223.568
766.071
515.29
780.343
226.336
836.564
521.084
43.8163
578.975
535.548
543.648
676.169
625.719
583.569
28.1089
598.564
544.692
293.608
295.021
449.858
323.332
64.5232
585.289
805.437
578.117
299.864
580.804
214.763
491.52
515.03
762.722
