0.027663
0.157064
0.001709
0.165139
0.247856
0.585321
0.146727
0.066702
0.264309
0.004565
0.064445
0.132764
0.113063
0.072859
0.001327
0.300082
0.007077
0.278626
0.116589
0.258913
0.026788
0.07169
0.380711
0.122116
0.318117
0.205744
0.013702
0.447277
0.012129
0.099895
0.111322
0.15158
0.050115
0.156243
0.009381
0.18662
0.003299
0.398137
0.067308
0.066493
0.200492
0.138965
0.280997
0.001247
0.120626
0.001815
0.000707
0.252771
0.062624
0.235048
0.260689
0.134298
0.124567
0.002448
0.10817
0.020308
0.44796
0.001207
0.094032
0.101741
0.157111
0.103551
0.396105
0.035909
0.001063
0.05616
0.006159
0.209694
0.020726
0.003218
0.257391
0.227604
0.106723
0.327182
0.163677
0.102898
0.05487
0.015814
0.255333
0.176876
0.028091
0.00097
0.006156
0.01335
0.010638
0.363305
0.156714
0.121538
0.021476
0.316078
0.014134
0.018411
0.003971
0.104732
0.003168
0.109998
0.211939
0.021836
0.168754
0.003932
0.001131
0.256121
0.016726
0.241569
0.009021
0.025203
0.226773
0.100757
0.12573
0.127794
0.112871
0.242271
0.148372
0.180866
0.020639
0.203873
0.169723
0.14354
0.019105
0.143086
0.001302
0.083487
0.250281
0.094646
0.196609
0.063924
0.365402
0.173291
0.00118
0.024711
0.005682
0.000644
0.131272
0.138666
0.177597
0.079715
0.184796
0.234757
0.186606
0.000898
0.027615
0.116627
0.114008
0.031722
0.000973
0.244557
0.024708
0.06081
0.001534
0.225966
0.019399
0.002658
0.114036
0.077549
0.357924
0.006858
0.019089
0.164387
0.014774
0.085785
0.003358
0.12438
0.023769
0.284769
0.237947
0.267982
0.258012
0.035453
0.020138
0.059716
0.078076
0.235076
0.182908
0.005758
0.011059
0.170505
0.01328
0.063695
0.050792
0.020226
0.002519
0.084276
0.22092
0.128823
0.145622
0.098524
0.000936
0.109262
0.243834
0.39705
0.165464
0.136266
0.003301
0.014685
0.20903
0.154916
0.17396
0.003052
0.139162
0.006621
0.41486
0.133884
0.001187
0.017864
0.065877
0.170787
0.285041
0.200243
0.072267
0.17177
0.006323
0.001419
0.107755
0.00103
0.104954
0.174063
0.242942
0.183961
0.001569
0.024233
0.010448
0.206798
0.215596
0.008377
0.019683
0.124833
0.008075
0.063104
0.001547
0.364879
0.066736
0.000685
0.181266
0.209586
0.003696
0.122234
0.0017
0.021949
0.212505
0.00149
0.20129
0.170643
0.075845
0.122238
0.088412
0.216352
0.226782
0.12128
0.108682
0.005602
0.114266
0.00142
0.104953
0.224553
0.108711
0.115887
0.014008
0.015536
0.298026
0.161033
0.166569
0.168752
0.107182
0.016956
0.204567
0.067404
0.164588
0.001063
0.103046
0.000715
0.000994
0.070334
0.113511
0.016422
0.099412
0.19382
0.247462
0.003847
0.000695
0.078163
0.001389
0.136644
0.023676
0.170154
0.003947
0.001153
0.158892
0.071288
0.161461
0.003893
0.0248
0.165034
0.006844
0.02511
0.181222
0.025348
0.105403
0.229593
0.170906
0.010563
0.157377
0.175126
0.000825
0.13691
0.265627
0.019309
0.396915
0.092327
0.120014
0.277463
0.084437
0.00734
0.020959
0.164468
0.164746
0.202932
0.138704
0.068026
0.252526
0.409245
0.351097
0.371759
0.01331
0.007711
0.272585
0.215788
0.263367
0.176248
0.009044
0.125822
0.235477
0.258605
0.001472
0.069874
0.055407
0.062978
0.268327
0.180974
0.197295
0.184738
0.267568
0.009605
0.238415
0.099106
0.221854
0.248393
0.206992
0.234065
0.004535
0.009834
0.003746
0.015096
0.093231
0.281643
0.008655
0.00094
0.016209
0.226189
0.075652
0.018468
0.013682
0.002908
0.189099
0.287545
0.00228
0.088649
0.381945
0.002868
0.000904
0.010675
0.195254
0.012579
0.18046
0.170849
0.004492
0.12755
0.007147
0.001005
0.00374
0.231266
0.071842
0.00073
0.016822
0.072002
0.313971
0.167928
0.021962
0.105232
0.163272
0.231675
0.002511
0.225189
0.177316
0.097021
0.134293
0.020703
0.06045
0.167913
0.00103
0.106325
0.173417
0.073063
0.265971
0.18961
0.023422
0.104802
0.143258
0.378481
0.09921
0.001889
0.103741
0.134639
0.001144
0.004365
0.146127
0.01598
0.142079
0.10464
0.099537
0.015417
0.024907
0.014091
0.004225
0.232197
0.141407
0.083577
0.099798
0.087437
0.001799
0.036027
0.159547
0.055443
0.153441
0.195187
0.051154
0.015059
0.185759
0.22382
0.000682
0.016183
0.021747
0.157341
0.003117
0.0012
0.178848
0.021383
0.095851
0.296565
0.102414
0.002297
0.120833
0.405146
0.001259
0.21934
0.001707
0.000724
0.032458
0.016241
0.002359
0.468171
0.008937
0.000922
0.004578
0.067342
0.201022
0.177239
0.000635
0.110167
0.120931
0.234417
0.257454
0.273036
0.008425
0.573004
0.190458
0.004448
0.002811
0.174999
0.291863
0.008834
0.202151
0.215269
0.165331
0.359493
0.203925
0.000651
0.341352
0.275406
0.091054
0.054666
0.005909
0.001612
0.085916
0.092213
0.019896
0.035874
0.287828
0.067089
0.2624
0.001173
0.197215
0.066943
0.060932
0.090428
0.349145
0.106959
0.255946
0.17494
0.160968
0.055206
0.035562
0.17777
0.191906
0.298275
0.161575
0.087771
0.004477
0.001259
0.088876
0.012911
0.009519
0.002731
0.002252
0.300856
0.01445
0.153312
0.258872
0.42638
0.072564
0.000784
0.093502
0.244672
0.132631
0.172361
0.001515
0.306688
0.093767
0.109164
0.11056
0.017358
0.184899
0.155306
0.182659
0.133853
0.202539
0.012526
0.205618
0.116377
0.14674
0.141805
0.001019
0.123877
0.082098
0.003696
0.004617
0.258706
0.114855
0.094378
0.393029
0.148794
0.000975
0.070489
0.012296
0.101756
0.008189
0.000937
0.300669
0.010219
0.020201
0.002098
0.014744
0.354353
0.119211
0.23575
0.000671
0.002247
0.237634
0.222966
0.059799
0.174038
0.051143
0.009513
0.009766
0.007677
0.058563
0.014586
0.150382
0.009056
0.107207
0.018537
0.06895
0.345786
0.163459
0.060623
0.089849
0.013626
0.036163
0.023531
0.005705
0.230037
0.036349
0.249134
0.001473
0.182057
0.026589
0.0898
0.096708
0.213589
0.182811
0.178975
0.112069
0.102548
0.105073
0.382901
0.004475
0.35123
0.001088
0.1107
0.02122
0.243305
0.344112
0.081533
0.332671
0.076752
0.667215
0.115973
0.01871
0.269389
0.066787
0.251545
0.007745
0.017709
0.016924
0.112635
0.018945
0.014495
0.233285
0.001292
0.06675
0.09713
0.148914
0.131101
0.371167
0.002927
0.055669
0.263792
0.011297
0.12599
0.163001
0.004658
0.208395
0.070881
0.097941
0.223651
0.206142
0.217096
0.1301
0.003297
0.003163
0.263523
0.190057
0.205769
0.124145
0.232931
0.008039
0.188082
0.018555
0.116908
0.00502
0.044607
0.005038
0.03486
0.065226
0.250506
0.0029
0.116235
0.017092
0.014382
0.000786
0.058082
0.015975
0.201236
0.002837
0.218423
0.311216
0.00051
0.021844
0.002005
0.014083
0.113685
0.0652
0.070772
0.103473
0.121242
0.186322
0.233105
0.254616
0.001236
0.001106
0.006932
0.153064
0.248029
0.000919
0.185127
0.300498
0.007335
0.132186
0.318448
0.117778
0.004962
0.014161
0.248618
0.033972
0.162672
0.060027
0.194644
0.04013
0.069461
0.198621
0.161431
0.002355
0.015872
0.107433
0.350617
0.120069
0.095298
0.000865
0.00155
0.005354
0.002151
0.127857
0.121317
0.265475
0.00121
0.237417
0.023976
0.078376
0.34798
0.155071
0.257955
0.228273
0.169163
0.131329
0.117859
0.010604
0.123867
0.205008
0.290859
0.004866
0.077257
0.000871
0.007608
0.162517
0.036091
0.033184
0.026111
0.010238
0.206312
0.000901
0.005803
0.007288
0.265344
0.123096
0.108904
0.353408
0.015372
0.120694
0.177926
0.208521
0.433458
0.10213
0.025225
0.000299
0.008923
0.022646
0.001037
0.001449
0.088221
0.001438
0.275667
0.014642
0.092838
0.340083
0.076388
0.016105
0.230243
0.003378
0.218739
0.09337
0.073023
0.006966
0.024414
0.003563
0.177232
0.013639
0.404234
0.125771
0.031165
0.203528
0.142672
0.015403
0.069302
0.139767
0.207208
0.000758
0.119273
0.000591
0.132122
0.006902
0.072379
0.088193
0.022776
0.319607
0.094238
0.156853
0.07352
0.00777
0.100727
0.166854
0.044721
0.00661
0.025021
0.006838
0.003685
0.143978
0.222823
0.239285
0.085818
0.266256
0.03111
0.001414
0.010687
0.000553
0.205636
0.122395
0.190257
0.123459
0.018058
0.124358
0.002573
0.016016
0.114309
0.003355
0.20324
0.081222
0.0015
0.255847
0.48287
0.126218
0.219306
0.003991
0.004253
0.197505
0.310471
0.106306
0.026497
0.092706
0.025184
0.343205
0.024175
0.001301
0.148878
0.088098
0.765843
0.254647
0.01744
0.002522
0.22235
0.282953
0.217323
0.01682
0.184308
0.013286
0.00403
0.16783
0.003593
0.008857
0.030245
0.067581
0.001306
0.000558
0.22945
0.213479
0.010771
0.105178
0.007012
0.206123
0.023204
0.15006
0.149775
0.005751
0.064586
0.009425
0.013823
0.028593
0.07596
0.08676
0.015427
0.225528
0.173317
0.464374
0.079062
0.058067
0.18539
0.000696
0.017779
0.005482
0.135642
0.248156
0.004888
0.168436
0.105575
0.034713
0.073449
0.154336
0.074124
0.195596
0.107752
0.004062
0.185911
0.059496
0.392745
0.001721
0.001333
0.064583
0.060416
0.067259
0.072164
0.188581
0.125688
0.261938
0.107774
0.111216
0.130783
0.001187
0.116391
0.000812
0.037928
0.00602
0.012437
0.002666
0.074242
0.375339
0.00481
0.131393
0.000747
0.114791
0.004116
0.07726
0.151426
0.00088
0.014071
0.001759
0.198078
0.107664
0.137643
0.001525
0.170417
0.346311
0.220467
0.105464
0.294348
0.156374
0.146458
0.083826
0.131964
0.007232
0.183323
0.003793
0.015679
0.292025
0.019806
0.130217
0.326118
0.00291
0.027747
0.213601
0.252751
0.002937
0.157336
0.131346
0.072878
0.008136
0.130998
0.007337
0.486356
0.008313
0.001094
0.225846
0.006132
0.103739
0.258048
0.007104
0.081621
0.132843
0.264135
0.403484
0.081989
0.006796
0.420596
