0.014275
0.008831
0.006142
0.012276
0.008089
0.015371
0.011752
0.017978
0.001621
0.027941
0.002437
0.014537
0.001789
0.026559
0.005413
0.001159
0.004034
0.001048
0.011315
0.014573
0.011873
0.023956
0.008997
0.007278
0.011745
0.006895
0.005334
0.00524
0.012597
0.001074
0.011236
0.011667
0.001665
0.00185
0.003338
0.004019
0.012052
0.000988
0.001725
0.016699
0.008443
0.010594
0.019644
0.00157
0.007541
0.00922
0.02729
0.005773
0.007507
0.004275
0.004326
0.022915
0.011553
0.027222
0.002731
0.002268
0.01634
0.024023
0.012552
0.009888
0.043589
0.016149
0.002658
0.055881
0.013666
0.006297
0.001318
0.005432
0.018273
0.047222
0.008826
0.019943
0.011612
0.01162
0.008247
0.003356
0.038855
0.00362
0.00461
0.015697
0.007857
0.008695
0.009893
0.0071
0.006786
0.021176
0.01536
0.021356
0.015983
0.012885
0.010139
0.001182
0.00323
0.021073
0.004812
0.007971
0.007234
0.015152
0.005453
0.012998
0.002594
0.002977
0.008414
0.0109
0.001801
0.002337
0.010152
0.001272
0.020453
0.005787
0.002102
0.011646
0.002953
0.00218
0.001721
0.014839
0.036046
0.001131
0.001484
0.003153
0.006421
0.011794
0.008017
0.012648
0.024234
0.021065
0.013069
0.012235
0.023714
0.006852
0.007687
0.008253
0.008114
0.023192
0.002232
0.012131
0.010203
0.017076
0.011211
0.03102
0.018445
0.008252
0.001473
0.004275
0.012015
0.008476
0.015029
0.026413
0.011046
0.016267
0.015969
0.013191
0.043735
0.029749
0.002775
0.000665
0.011079
0.013245
0.00542
0.003561
0.000565
0.004605
0.006117
0.006247
0.0095
0.012288
0.010585
0.001111
0.005909
0.00294
0.004687
0.014519
0.003
0.004027
0.003349
0.022152
0.012667
0.030494
0.002023
0.01493
0.021797
0.012095
0.012953
0.014892
0.007133
0.075101
0.018667
0.00142
0.017027
0.018009
0.011176
0.009031
0.016756
0.009983
0.004221
0.002329
0.004773
0.009785
0.00286
0.008901
0.009513
0.011029
0.005522
0.001408
0.019045
0.004458
0.00421
0.022982
0.006163
0.009889
0.012756
0.003066
0.012665
0.101692
0.014011
0.004957
0.011605
0.003592
0.001324
0.006661
0.008031
0.01701
0.001332
0.002785
0.013414
0.003981
0.004506
0.004962
0.002091
0.005368
0.001686
0.018947
0.003158
0.008826
0.03011
0.004249
0.003283
0.007171
0.00788
0.002038
0.005919
0.012595
0.0039
0.006838
0.068374
0.003122
0.006267
0.001382
0.046419
0.001426
0.013791
0.0069
0.006415
0.006475
0.011511
0.012562
0.019939
0.003583
0.103823
0.011378
0.027316
0.001143
0.014468
0.001607
0.001714
0.019405
0.015602
0.015682
0.012239
0.001619
0.008483
0.006777
0.007046
0.00446
0.006724
0.024167
0.013105
0.001386
0.012811
0.010849
0.002752
0.002365
0.014619
0.021056
0.009172
0.005913
0.007716
0.024067
0.003322
0.001366
0.001324
0.001681
0.012853
0.005461
0.038574
0.00148
0.011469
0.015469
0.007094
0.023332
0.011329
0.004676
0.002692
0.00959
0.009542
0.001479
0.008528
0.001317
0.009543
0.007924
0.001727
0.00719
0.007063
0.001676
0.023026
0.007787
0.035492
0.003306
0.014091
0.013824
0.002587
0.033909
0.001788
0.020198
0.004294
0.006248
0.011893
0.000815
0.008807
0.008344
0.02768
0.002531
0.005914
0.019195
0.001347
0.003253
0.013233
0.005413
0.017659
0.009641
0.008029
0.034754
0.008022
0.037311
0.007986
0.077846
0.006751
0.011787
0.005369
0.010333
0.001179
0.011938
0.036914
0.001765
0.004538
0.012352
0.016499
0.013713
0.010186
0.00239
0.011502
0.008226
0.008489
0.007131
0.006546
0.010604
0.002691
0.015047
0.012599
0.030769
0.006086
0.005033
0.010187
0.006863
0.020196
0.00404
0.001266
0.009839
0.001441
0.015971
0.007182
0.01442
0.003457
0.009077
0.022625
0.003732
0.011792
0.006939
0.002233
0.006426
0.003085
0.004585
0.007798
0.011719
0.022033
0.004977
0.008205
0.001793
0.00803
0.001767
0.007635
0.015968
0.013593
0.011532
0.001534
0.008308
0.0024
0.004871
0.023393
0.004079
0.006244
0.010217
0.001084
0.013131
0.006332
0.015459
0.003019
0.0049
0.004901
0.008439
0.012998
0.007339
0.014322
0.017626
0.003625
0.003282
0.019196
0.010371
0.004343
0.017953
0.011269
0.009138
0.02122
0.007532
0.007378
0.011128
0.00588
0.011663
0.001051
0.001283
0.020424
0.007177
0.004684
0.013169
0.019136
0.007494
0.009068
0.001012
0.00601
0.010215
0.002945
0.011273
0.006073
0.031672
0.00536
0.006408
0.001887
0.007235
0.020569
0.020153
0.046409
0.003578
0.011731
0.00551
0.029138
0.006294
0.003618
0.004743
0.015386
0.009338
0.011053
0.020024
0.006587
0.004807
0.016866
0.019516
0.016173
0.009324
0.001467
0.005073
0.073617
0.001749
0.001701
0.005481
0.009624
0.010931
0.118612
0.011318
0.023198
0.008753
0.010978
0.010981
0.036686
0.008778
0.008012
0.001812
0.006114
0.008878
0.034239
0.019217
0.009764
0.022119
0.009809
0.006404
0.002698
0.008421
0.001424
0.036907
0.00257
0.015728
0.020868
0.00481
0.009854
0.006493
0.001977
0.014124
0.016956
0.030112
0.016156
0.012296
0.022902
0.00473
0.014186
0.02056
0.015664
0.007472
0.02667
0.004635
0.006111
0.00582
0.008719
0.002582
0.016994
0.017658
0.007782
0.01465
0.007198
0.005369
0.003992
0.00906
0.019698
0.001478
0.004846
0.007166
0.015555
0.003842
0.007621
0.009034
0.02446
0.0052
0.002857
0.009901
0.014535
0.023872
0.004433
0.002827
0.004397
0.013156
0.003417
0.008724
0.02289
0.018944
0.007532
0.004711
0.023405
0.028702
0.002227
0.01691
0.018489
0.014095
0.013169
0.010177
0.005254
0.003751
0.007389
0.004298
0.00259
0.006642
0.014619
0.030954
0.050159
0.009107
0.000655
0.010578
0.009686
0.003855
0.008675
0.024897
0.004912
0.018883
0.009332
0.003088
0.011647
0.009909
0.013595
0.005525
0.003999
0.016146
0.003894
0.010821
0.009296
0.028813
0.001837
0.013623
0.005902
0.016102
0.010589
0.009611
0.038719
0.00306
0.019621
0.008837
0.004765
0.013285
0.013786
0.001727
0.024302
0.016379
0.00437
0.00823
0.002607
0.005388
0.002996
0.003884
0.011095
0.001906
0.001436
0.006627
0.002166
0.017077
0.032899
0.006009
0.001453
0.012758
0.006051
0.021293
0.006892
0.005845
0.006878
0.003779
0.007943
0.008665
0.004549
0.028161
0.018306
0.00518
0.008535
0.014705
0.004445
0.001772
0.006265
0.003294
0.010356
0.002009
0.015556
0.003749
0.007348
0.013173
0.008345
0.013026
0.002776
0.003374
0.006016
0.008639
0.021003
0.023139
0.016872
0.01715
0.001303
0.008005
0.011388
0.010291
0.001779
0.013716
0.009445
0.022584
0.004254
0.010064
0.002703
0.005118
0.00734
0.012406
0.007141
0.007578
0.003909
0.01269
0.018001
0.004485
0.001077
0.01469
0.037695
0.010238
0.015807
0.004897
0.023324
0.013911
0.003842
0.019565
0.004172
0.012647
0.011889
0.006134
0.016655
0.010358
0.00858
0.015799
0.006417
0.07777
0.022168
0.006169
0.006086
0.00772
0.001997
0.003279
0.04438
0.010776
0.015202
0.042121
0.002252
0.010571
0.021834
0.025146
0.023217
0.005554
0.008111
0.001892
0.014918
0.012235
0.012067
0.021347
0.001323
0.005596
0.007777
0.002712
0.001392
0.002258
0.007626
0.009472
0.001162
0.035892
0.026002
0.04441
0.013838
0.025761
0.010742
0.002321
0.022085
0.00804
0.00518
0.010202
0.012483
0.029309
0.00442
0.005535
0.011371
0.010844
0.029526
0.005228
0.010412
0.007676
0.037148
0.018789
0.012753
0.00474
0.021709
0.00398
0.00191
0.003637
0.00735
0.049034
0.002456
0.010213
0.004758
0.014997
0.004571
0.004545
0.01831
0.00699
0.035115
0.0243
0.028748
0.003933
0.007277
0.007506
0.080166
0.007989
0.006241
0.028742
0.02722
0.0094
0.001364
0.011497
0.011753
0.004754
0.009825
0.021374
0.005056
0.011198
0.007631
0.002199
0.014056
0.010585
0.005375
0.014797
0.012727
0.006126
0.006383
0.022883
0.002981
0.006217
0.006883
0.008651
0.020299
0.004676
0.006177
0.008157
0.016568
0.007937
0.009032
0.003492
0.003217
0.011986
0.016739
0.002369
0.009035
0.006005
0.00641
0.011456
0.002413
0.002244
0.001523
0.031209
0.004411
0.001806
0.006572
0.019629
0.002223
0.018586
0.093605
0.002403
0.004008
0.011442
0.013851
0.000982
0.043538
0.004702
0.039913
0.008588
0.005733
0.003493
0.002094
0.020727
0.013835
0.025602
0.00492
0.010542
0.001263
0.042817
0.017519
0.007878
0.032207
0.009422
0.002846
0.007402
0.007847
0.036448
0.022424
0.018897
0.015032
0.015891
0.022288
0.00597
0.01086
0.003615
0.008345
0.011015
0.015188
0.001872
0.006478
0.015439
0.018302
0.014082
0.001658
0.003924
0.0135
0.008724
0.002728
0.007648
0.018015
0.019013
0.001318
0.006613
0.005415
0.001828
0.001021
0.003489
0.01183
0.030269
0.007037
0.01098
0.009814
0.016512
0.009522
0.001242
0.004256
0.029751
0.007613
0.014176
0.004971
0.022214
0.0151
0.007614
0.002548
0.002273
0.003353
0.017049
0.038316
0.0215
0.010638
0.004108
0.005714
0.009596
0.00251
0.010903
0.003383
0.008298
0.006945
0.024088
0.006575
0.006237
0.01163
0.001155
0.005984
0.00969
0.020003
0.005881
0.039319
0.002397
0.012579
0.002125
0.010606
0.01132
0.016559
0.021478
0.002849
0.000906
0.002341
0.011127
0.050632
0.004511
0.001935
0.00609
0.016157
0.009648
0.015244
0.030296
0.001542
0.017623
0.008477
0.015695
0.002548
0.02291
0.003613
0.004521
0.065691
0.007706
0.006924
0.003205
0.01068
0.040059
0.005633
0.015177
0.007834
0.009871
0.005846
0.004777
0.010718
0.01697
0.009184
0.009139
0.069583
0.015474
0.022007
0.010923
0.001178
0.012881
0.001256
0.004713
0.000846
0.007492
0.008514
0.008998
0.006191
0.012633
0.005405
0.002434
0.008096
0.011053
0.016781
0.005324
