0.007379
0.005173
0.002244
0.004124
0.003117
0.006222
0.003053
0.003243
0.000325
0.007907
0.000701
0.002598
0.000433
0.003322
0.002767
0.00027
0.000946
0.000291
0.002637
0.001942
0.003633
0.005732
0.002481
0.000891
0.00351
0.002058
0.001749
0.002082
0.003472
0.000321
0.002289
0.003302
0.00054
0.000448
0.000841
0.001273
0.004365
0.000246
0.000487
0.004072
0.001658
0.002818
0.005672
0.000329
0.00214
0.002189
0.009983
0.002129
0.002674
0.001059
0.000903
0.007651
0.000687
0.007387
0.000531
0.000359
0.005687
0.006174
0.002521
0.003911
0.003809
0.001993
0.000817
0.006313
0.00256
0.001852
0.000288
0.002606
0.001965
0.009154
0.002719
0.005306
0.002061
0.003474
0.003561
0.001031
0.006774
0.001553
0.000982
0.005706
0.00271
0.002874
0.002589
0.002707
0.000476
0.008688
0.00146
0.007657
0.005129
0.004394
0.002246
0.000324
0.001299
0.002544
0.001422
0.003156
0.001528
0.003335
0.000895
0.001932
0.000922
0.000788
0.001863
0.003047
0.000381
0.000938
0.00397
0.000314
0.001887
0.002531
0.000821
0.002981
0.000544
0.000528
0.000529
0.003764
0.003636
0.000286
0.00034
0.000745
0.001399
0.004084
0.002526
0.004365
0.006801
0.008663
0.002106
0.004372
0.003582
0.001048
0.002789
0.002517
0.002526
0.001902
0.000659
0.002284
0.002291
0.010077
0.003436
0.003711
0.005512
0.004081
0.000268
0.00125
0.002627
0.003062
0.006148
0.003697
0.002854
0.003687
0.001371
0.007439
0.006201
0.008433
0.000544
0.000188
0.004386
0.001395
0.00055
0.001214
0.00014
0.001356
0.002516
0.001131
0.003456
0.002797
0.002896
0.000289
0.001953
0.000993
0.001488
0.008921
0.000605
0.000469
0.000807
0.003352
0.004135
0.012126
0.000606
0.008182
0.007891
0.002873
0.00428
0.003956
0.001947
0.012662
0.00204
0.000443
0.004124
0.002059
0.00423
0.004212
0.001049
0.001479
0.001604
0.000653
0.00171
0.001875
0.000636
0.000734
0.002009
0.003913
0.001252
0.00027
0.001443
0.000287
0.001514
0.00112
0.002242
0.004032
0.002074
0.001063
0.005701
0.003256
0.008334
0.001662
0.005984
0.000996
0.00025
0.002625
0.00329
0.001589
0.000205
0.000674
0.002656
0.001051
0.002241
0.001805
0.000485
0.00183
0.000408
0.005523
0.001234
0.000974
0.007763
0.000822
0.001257
0.00169
0.001619
0.000313
0.001561
0.006127
0.001653
0.001766
0.00503
0.00069
0.000551
0.000347
0.002634
0.00033
0.001185
0.003496
0.001554
0.002273
0.002219
0.001622
0.002413
0.000806
0.011614
0.00291
0.003512
0.000316
0.001153
0.000274
0.000577
0.004018
0.001647
0.007641
0.00617
0.000417
0.003737
0.003352
0.001882
0.000573
0.001262
0.004378
0.002033
0.000331
0.006349
0.004031
0.00044
0.000817
0.003253
0.007204
0.003171
0.000489
0.001493
0.001424
0.000908
0.0004
0.000278
0.000468
0.001274
0.000787
0.003345
0.00049
0.005585
0.006177
0.002331
0.001706
0.005175
0.000798
0.000667
0.001258
0.003817
0.000301
0.003322
0.000345
0.005094
0.001503
0.000447
0.00138
0.001646
0.000424
0.005082
0.002643
0.009208
0.000826
0.004738
0.00497
0.000303
0.008201
0.00048
0.003812
0.001219
0.002426
0.004039
0.000227
0.002195
0.003593
0.003377
0.000773
0.000708
0.006145
0.000391
0.000643
0.003063
0.001434
0.00338
0.001188
0.001284
0.008255
0.001299
0.006048
0.002239
0.00581
0.001084
0.004294
0.001648
0.003529
0.000358
0.005293
0.005637
0.000573
0.001315
0.004813
0.008695
0.002827
0.005106
0.000456
0.002488
0.00196
0.001989
0.002429
0.001768
0.001614
0.000719
0.001102
0.002428
0.002359
0.001254
0.001401
0.002645
0.001409
0.004445
0.000735
0.000401
0.002586
0.000378
0.010383
0.00205
0.003383
0.000901
0.001395
0.003078
0.001254
0.004205
0.002189
0.000623
0.002815
0.0007
0.002431
0.002436
0.002936
0.005831
0.001237
0.00142
0.000547
0.004084
0.000538
0.001564
0.006482
0.003321
0.003274
0.000447
0.001799
0.000721
0.000347
0.008508
0.000797
0.002286
0.002765
0.000241
0.002095
0.003516
0.007081
0.000884
0.001894
0.001269
0.002811
0.00235
0.002823
0.008522
0.002563
0.001478
0.000907
0.010441
0.002954
0.000681
0.003469
0.002196
0.002185
0.005733
0.001365
0.002688
0.006831
0.001572
0.002711
0.000304
0.000296
0.002856
0.002845
0.001761
0.005091
0.002821
0.001251
0.003048
0.000252
0.002467
0.002824
0.00081
0.003566
0.002209
0.004363
0.001232
0.002756
0.000701
0.000956
0.003671
0.006684
0.003509
0.000913
0.002976
0.000677
0.003767
0.001654
0.000271
0.000535
0.002611
0.001898
0.002784
0.003802
0.001632
0.000847
0.007031
0.004675
0.003898
0.002173
0.000485
0.001856
0.006105
0.000458
0.000408
0.001243
0.003135
0.00137
0.00286
0.00267
0.007118
0.002991
0.003561
0.003376
0.008597
0.001599
0.001676
0.000641
0.002567
0.00379
0.004504
0.002645
0.002945
0.006698
0.003421
0.001546
0.000557
0.001125
0.000432
0.001586
0.000687
0.006105
0.002569
0.000346
0.002287
0.000973
0.000352
0.002271
0.004192
0.004844
0.004098
0.004005
0.006271
0.00132
0.002739
0.003846
0.002915
0.001185
0.00984
0.001775
0.001571
0.001891
0.002983
0.001024
0.001577
0.002312
0.002126
0.003615
0.002198
0.000882
0.000658
0.000579
0.003609
0.000467
0.00038
0.001231
0.004358
0.000706
0.003253
0.001578
0.003809
0.000653
0.001037
0.001769
0.002357
0.001517
0.001458
0.000863
0.000876
0.004309
0.001062
0.001635
0.003916
0.008047
0.002188
0.000946
0.001774
0.00334
0.000769
0.003053
0.003713
0.003437
0.005134
0.002981
0.000944
0.000626
0.002673
0.00077
0.000979
0.001949
0.005936
0.012246
0.004574
0.003134
0.000175
0.004399
0.001728
0.00135
0.000246
0.009405
0.001625
0.006175
0.002759
0.00082
0.003426
0.003975
0.001575
0.000535
0.001222
0.004799
0.001007
0.002655
0.001846
0.001981
0.000663
0.008453
0.001618
0.003771
0.002127
0.003315
0.00797
0.000525
0.001428
0.003253
0.002027
0.006945
0.003443
0.000405
0.003087
0.010434
0.002217
0.002987
0.000682
0.001544
0.001106
0.000738
0.003621
0.000515
0.000379
0.001182
0.000673
0.000404
0.003161
0.001818
0.000465
0.003419
0.002495
0.006222
0.002109
0.001562
0.002457
0.000714
0.002015
0.002481
0.00039
0.00343
0.003699
0.00152
0.00248
0.004226
0.000454
0.000353
0.001415
0.00099
0.00412
0.000325
0.002424
0.001038
0.001546
0.002293
0.001812
0.004194
0.000798
0.000878
0.001761
0.001761
0.006077
0.00415
0.004313
0.002492
0.000374
0.003437
0.002939
0.006108
0.000397
0.003461
0.001888
0.003318
0.001094
0.000709
0.000808
0.000903
0.001996
0.002783
0.001626
0.002784
0.000571
0.004262
0.004067
0.000621
0.000277
0.002043
0.003199
0.005383
0.006347
0.001606
0.003417
0.004612
0.000982
0.008238
0.00149
0.003424
0.005451
0.002774
0.002249
0.002307
0.002446
0.001522
0.000979
0.00149
0.003577
0.001749
0.001481
0.003616
0.000281
0.000452
0.005751
0.002865
0.005035
0.005289
0.000619
0.004071
0.005897
0.002986
0.002126
0.001859
0.001857
0.000504
0.003163
0.004197
0.004279
0.004037
0.000401
0.002154
0.002156
0.000752
0.000321
0.000416
0.003903
0.003792
0.000315
0.006072
0.009273
0.003411
0.006078
0.005103
0.003221
0.000827
0.006297
0.001368
0.002031
0.003756
0.00181
0.007412
0.000764
0.001364
0.001657
0.001901
0.003769
0.001791
0.000992
0.001582
0.009849
0.00979
0.004026
0.000692
0.005927
0.001337
0.000486
0.001281
0.003078
0.002301
0.000724
0.001595
0.001129
0.002758
0.00118
0.001479
0.003253
0.001446
0.004768
0.005294
0.006247
0.000844
0.002283
0.002265
0.00491
0.001964
0.003079
0.001521
0.013062
0.001985
0.000363
0.001933
0.007282
0.001701
0.004032
0.008307
0.001723
0.001608
0.00229
0.000615
0.009601
0.003411
0.000867
0.003436
0.005968
0.001999
0.002619
0.00995
0.000488
0.000962
0.002412
0.000965
0.010689
0.001467
0.001769
0.001542
0.005102
0.001616
0.002723
0.001141
0.000967
0.002224
0.003491
0.000632
0.002036
0.001989
0.001912
0.002379
0.000694
0.000712
0.000334
0.007185
0.001488
0.000508
0.001702
0.004188
0.000639
0.002344
0.006835
0.000518
0.000981
0.002201
0.002824
0.00025
0.006582
0.001916
0.011405
0.001412
0.002537
0.001235
0.000647
0.00455
0.002942
0.002048
0.001548
0.002675
0.000254
0.011613
0.008926
0.003168
0.007017
0.003242
0.000869
0.001769
0.002109
0.003792
0.00932
0.002594
0.005177
0.00807
0.007425
0.000917
0.002685
0.001017
0.00238
0.003663
0.002044
0.000618
0.002427
0.006226
0.005689
0.003236
0.000227
0.001436
0.005872
0.00295
0.000828
0.002177
0.010286
0.011201
0.000255
0.002334
0.002157
0.000464
0.000287
0.001013
0.001213
0.009717
0.002647
0.001697
0.002125
0.006096
0.002635
0.000371
0.001592
0.007265
0.001668
0.004354
0.001204
0.002754
0.003529
0.001453
0.000862
0.000812
0.001195
0.007705
0.008155
0.005118
0.004223
0.001165
0.002622
0.002829
0.00057
0.003238
0.001121
0.003141
0.004269
0.003919
0.002946
0.003373
0.002478
0.000299
0.001918
0.003715
0.00517
0.002039
0.002612
0.000879
0.006437
0.000494
0.002724
0.002586
0.006567
0.009278
0.001156
0.000203
0.00082
0.004228
0.005002
0.001357
0.000489
0.002327
0.004172
0.001472
0.007675
0.003341
0.000443
0.005048
0.002733
0.006406
0.000518
0.007889
0.000559
0.001267
0.005357
0.003266
0.002082
0.001246
0.004033
0.008859
0.002344
0.009947
0.00234
0.004896
0.000923
0.001139
0.001571
0.006303
0.000991
0.002919
0.003784
0.008201
0.006308
0.005186
0.000317
0.00202
0.000327
0.001879
0.000179
0.003188
0.002161
0.002018
0.001443
0.00454
0.001497
0.000545
0.002154
0.003832
0.004109
0.00266
