85.8236
310.556
148.78
146.767
506.275
423.535
305.804
107.365
327.57
346.316
55.0088
250.362
37.0716
336.107
376.326
401.3
515.602
37.5931
189.265
497.612
333.097
158.805
56.24
466.286
241.015
231.863
154.815
360.525
278.779
242.497
327.521
419.787
381.567
332.636
181.547
478.761
182.803
230.752
465.294
403.853
442.097
462.998
503.615
147.764
335.649
225.998
198.855
374.563
228.319
94.5907
397.427
194.364
220.769
198.668
598.574
143.088
424.339
219.822
432.287
167.047
435.035
37.397
427.298
348.447
191.755
461.303
128.044
344.346
591.266
265.354
303.112
463.844
387.83
454.84
127.366
242.327
233.11
148.536
484.771
255.819
321.745
113.312
72.5099
316.006
205.225
311.016
413.542
174.281
400.51
244.809
363.315
74.2732
443.738
413.11
402.004
260.835
524.517
559.071
456.316
473.576
388.777
47.0404
338.76
39.7949
495.28
223.559
18.8532
217.006
485.592
591.76
204.081
403.354
236.056
487.106
47.0476
549.56
379.29
459.028
272.858
344.546
308.272
44.6303
177.515
340.309
148.802
427.113
180.197
427.249
470.772
334.861
303.093
19.7548
361.519
417.822
164.766
478.253
267.101
110.352
436.082
153.267
28.1674
157.046
156.763
29.2768
225.774
479.599
305.314
504.278
61.3234
521.821
201.36
169.606
455.831
115.806
332.857
11.2839
421.095
398.063
502.829
500.796
59.5484
489.82
398.758
429.699
296.953
441.308
334.335
204.6
456.36
143.31
361.088
334.515
155.385
336.712
422.562
98.0857
457.079
490.597
268.847
368.266
417.614
35.2204
324.773
30.934
505.345
111.737
458.532
209.556
124.677
29.5177
318.589
222.317
327.602
423.555
209.264
105.813
220.266
503.805
600.108
436.256
321.262
145.496
264.547
401.295
559.323
191.81
146.778
180.59
223.226
429.029
370.101
173.264
454.847
292.102
341.015
470.057
12.178
486.557
154.306
33.8424
506.801
435.57
329.55
412.53
119.338
38.2392
34.7888
191.272
260.063
473.047
53.8123
432.336
388.821
207.791
547.343
65.7771
187.949
300.808
235.01
383.539
16.2006
159.531
288.829
468.052
409.518
312.778
263.065
405.268
472.519
178.332
335.327
349.495
303.821
307.255
229.61
482.353
417.09
249.571
429.82
566.713
184.284
127.102
187.836
190.527
185.762
445.756
155.342
396.011
125.816
186.275
49.3148
224.02
468.335
97.7585
410.785
525.8
347.155
467.255
216.785
36.1091
100.802
558.337
58.802
323.023
556.566
420.585
324.846
141.36
451.104
405.769
115.794
214.778
563.28
34.6619
315.351
204.317
522.045
314.341
221.274
392.834
503.668
530.852
514.029
472.535
223.341
136.417
585.078
284.033
324.782
325.262
332.335
172.315
34.8025
166.792
95.1038
313.304
167.474
288.861
62.3413
444.038
39.2713
496.761
347.285
438.225
59.294
452.042
465.3
193.608
149.056
231.529
492.324
272.515
15.9805
468.545
380.06
241.348
282.038
167.314
107.611
338.467
42.1038
391.529
417.82
208.604
265.771
423.053
193.597
41.0912
321.177
449.574
236.115
109.806
314.863
438.328
491.517
466.801
339.498
325.002
129.601
609.818
515.814
511.607
366.271
242.537
163.342
433.25
246.584
315.591
396.745
394.321
504.787
370.595
186.773
504.318
212.35
244.861
218.764
410.605
213.537
213.915
580.843
103.282
58.2001
129.025
246.847
589.562
290.846
54.7111
162.312
150.236
52.293
415.355
493.027
301.595
127.26
284.314
229.049
315.758
306.598
453.738
140.098
518.779
341.082
384.836
128.499
408.469
298.319
412.017
398.068
205.1
527.824
413.523
260.327
376.42
505.519
133.249
572.275
133.019
496.583
158.817
25.0167
514.824
443.363
326.664
214.862
266.805
307.597
360.036
300.547
462.112
545.547
170.21
488.835
225.047
275.488
183.51
399.001
265.724
218.11
565.804
5.3274
461.612
592.803
522.368
407.056
561.095
320.812
464.059
291.094
333.511
50.223
396.287
27.5088
249.056
253.627
330.813
269.362
323.629
41.3392
511.361
582.591
484.553
148.312
425.536
419.038
20.9242
178.346
125.958
308.033
279.029
419.791
11.3107
397.541
35.8052
151.102
157.96
310.292
434.111
101.265
419.302
28.7113
323.577
210.023
384.358
428.505
303.609
114.02
154.018
497.525
501.33
243.234
426.584
332.754
109.77
238.588
515.064
297.438
128.367
342.043
320.617
135.273
39.786
410.553
205.558
229.057
462.323
160.601
184.795
370.973
342.553
97.039
294.372
382.548
203.015
176.548
277.605
117.461
119.296
48.5907
15.9985
423.82
452.874
80.5631
407.249
530.761
326.275
327.092
28.1896
180.27
175.333
177.571
313.514
559.272
263.322
310.349
482.556
368.583
41.5152
13.5505
414.754
34.0282
154.363
178.601
32.9626
184.842
513.032
215.233
407.544
429.566
340.264
202.002
499.287
330.816
298.84
465.859
58.8058
348.505
234.023
38.6411
118.028
406.496
83.2191
384.834
197.554
339.083
228.824
292.185
229.047
494.295
265.856
357.023
379.6
314.353
157.757
226.366
454.327
152.314
542.111
44.9083
429.363
254.777
447.27
510.799
509.249
17.0402
427.417
479.115
22.8274
254.821
38.5372
238.103
353.332
487.746
123.014
486.289
160.684
279.817
176.366
251.33
308.524
491.347
332.607
523.303
290.104
49.8273
418.265
481.085
182.161
291.998
204.339
440.578
148.538
165.81
226.063
313.781
351.774
394.29
503.08
122.291
348.776
229.033
34.1124
488.366
155.78
328.05
37.0213
293.571
585.058
162.004
318.861
53.6432
588.322
234.667
403.822
494.439
210.821
216.354
415.045
493.519
231.011
505.594
368.312
403.09
361.253
294.339
40.3217
127.327
426.042
344.281
451.067
257.481
214.335
116.753
392.604
403.551
526.024
146.602
461.006
119.819
523.773
245.322
27.2122
254.343
499.765
445.784
495.576
417.57
347.051
509.561
467.252
226.909
281.527
430.591
438.515
214.774
509.028
435.33
344.357
302.813
371.104
215.349
476.268
212.01
288.554
379.309
568.357
173.819
145.009
300.808
470.772
209.116
426.572
305.133
321.281
235.27
126.111
327.783
309.499
351.115
81.7328
470.025
422.289
26.323
301.398
302.801
423.604
208.297
451.492
410.223
435.271
345.255
465.51
164.04
333.826
418.577
303.998
201.351
448.59
333.267
458.531
402.789
228.548
188.544
425.53
393.766
426.558
214.045
348.791
334.598
305.07
383.03
435.938
379.024
228.343
334.991
89.8224
49.7309
73.3631
150.051
218.848
365.093
399.768
401.043
375.257
87.5445
430.613
253.271
427.03
153.417
354.608
418.775
47.041
217.04
199.809
343.793
442.795
159.86
288.861
297.848
196.767
308.452
152.524
172.76
220.557
16.2726
394.6
400.053
329.624
27.8488
476.363
582.274
463.31
189.584
304.115
521.863
26.0319
63.5584
339.312
36.527
489.834
422.472
172.034
468.064
501.023
522.53
269.575
256.789
263.04
222.579
480.865
140.523
477.269
431.574
303.191
207.084
76.3277
336.518
514.817
299.556
213.936
503.727
423.609
324.298
441.016
26.5399
348.11
302.099
259.309
452.254
487.848
123.994
240.434
239.819
132.597
165.781
565.57
488.075
53.8689
203.282
339.555
149.311
389.288
495.836
129.139
291.832
397.09
473.061
217.426
336.086
440.815
479.779
421.857
482.787
472.825
176.771
77.0322
353.859
463.348
269.271
454.255
448.042
379.844
575.107
74.7647
508.235
180.343
366.041
424.859
422.286
578.745
285.125
493.058
446.065
391.318
211.759
233.806
176.81
375.302
112.285
444.523
214.363
211.271
431.809
334.547
342.035
344.923
509.586
350.863
181.093
322.09
126.965
460.864
430.346
413.512
323.788
407.993
406.113
473.064
307.793
230.813
140.075
84.0136
342.342
77.5856
287.578
421.801
216.543
88.0323
308.499
101.044
173.262
152.976
157.064
409.875
461.57
420.056
57.0733
477.8
412.599
202.109
414.593
216.549
573.555
477.538
388.243
407.033
249.31
337.342
253.701
504.085
237.593
261.021
326.849
444.576
241.11
419.778
46.3311
397.046
139.088
402.333
452.267
397.824
215.059
156.595
449.064
32.0983
225.81
271.083
441.544
167.592
382.276
296.231
131.271
343.519
328.22
261.316
34.0699
408.582
36.3128
335.325
85.2802
322.787
301.64
215.343
563.56
574.586
174.749
423.113
205.77
220.416
449.335
301.532
368.452
410.003
229.283
112.597
171.029
222.211
26.2873
108.595
389.511
521.594
183.255
545.555
98.3564
154.764
107.278
180.292
323.58
29.8686
217.854
181.861
134.071
333.734
118.828
353.521
302.549
338.888
255.483
160.021
426.818
421.108
261.603
247.323
33.1615
444.379
468.259
332.479
349.324
314.363
451.026
445.355
140.28
407.344
419.157
233.779
401.023
564.76
561.42
510.028
