0.006477
0.033415
0.003136
0.002806
0.016454
0.039234
0.155395
0.002576
0.031978
0.034979
0.00189
0.006718
0.000687
0.02802
0.044962
0.013417
0.026712
0.000628
0.003433
0.023646
0.018244
0.004572
0.001147
0.034184
0.018757
0.006219
0.005034
0.012676
0.008688
0.009507
0.024351
0.046509
0.022493
0.064534
0.003252
0.015563
0.003749
0.005931
0.023654
0.014867
0.032367
0.049078
0.03174
0.004374
0.053023
0.00727
0.003851
0.024645
0.011404
0.001497
0.012602
0.005929
0.014971
0.006897
0.23263
0.002509
0.0303
0.011162
0.031113
0.006236
0.072802
0.001558
0.050241
0.096805
0.003332
0.01973
0.004594
0.080083
0.049409
0.005624
0.055435
0.017804
0.036418
0.018227
0.001921
0.007191
0.037867
0.002708
0.041647
0.013037
0.016319
0.002323
0.001244
0.047088
0.004296
0.02008
0.015958
0.007309
0.036233
0.006699
0.085987
0.001504
0.033811
0.026224
0.038604
0.028891
0.031724
0.061693
0.047969
0.015227
0.019215
0.000749
0.018809
0.000746
0.02146
0.009332
0.001569
0.005603
0.02024
0.09519
0.006139
0.013451
0.008313
0.024342
0.001382
0.052035
0.013151
0.023404
0.016711
0.019966
0.026135
0.000703
0.00467
0.019395
0.002776
0.030218
0.00441
0.063243
0.041414
0.013566
0.099663
0.000502
0.015328
0.019723
0.004167
0.031645
0.02307
0.001631
0.048271
0.002666
0.00051
0.002999
0.002537
0.000954
0.016359
0.022532
0.011109
0.040409
0.001151
0.083412
0.003674
0.002958
0.034947
0.001927
0.028706
0.001322
0.032421
0.043744
0.020163
0.151035
0.001095
0.033632
0.02124
0.037916
0.026659
0.015383
0.02052
0.016385
0.027583
0.006158
0.012325
0.018699
0.00352
0.035325
0.053872
0.001557
0.026138
0.018142
0.006532
0.016144
0.029124
0.001006
0.030711
0.000649
0.015863
0.002396
0.018598
0.007974
0.002079
0.00096
0.020833
0.007291
0.032185
0.046139
0.005897
0.002066
0.006597
0.0267
0.448033
0.024969
0.017147
0.006319
0.007747
0.025338
0.121116
0.003266
0.003352
0.003065
0.013632
0.03123
0.015744
0.008005
0.014362
0.058164
0.0199
0.037035
0.003068
0.018617
0.005547
0.00212
0.029996
0.016137
0.019693
0.051154
0.002056
0.00133
0.001049
0.003878
0.018767
0.041578
0.000941
0.020194
0.018914
0.007085
0.073433
0.0011
0.006291
0.0087
0.004051
0.043018
0.00072
0.003441
0.062703
0.029576
0.026117
0.022282
0.008492
0.014403
0.018781
0.009834
0.020427
0.038734
0.075821
0.100525
0.011151
0.021177
0.023177
0.027233
0.038793
0.650128
0.005445
0.001845
0.004713
0.004223
0.004409
0.044739
0.00282
0.016679
0.004404
0.008147
0.000793
0.005247
0.034797
0.001322
0.026365
0.028068
0.026998
0.024021
0.011686
0.000916
0.002502
0.038363
0.00095
0.027911
0.035913
0.019273
0.093726
0.002228
0.024595
0.024178
0.001888
0.011447
0.161896
0.001595
0.022208
0.005681
0.110912
0.020441
0.003238
0.014202
0.019584
0.041382
0.035407
0.04512
0.004107
0.005952
0.080887
0.054754
0.043052
0.025958
0.009234
0.003407
0.000981
0.002377
0.001483
0.025393
0.002468
0.022322
0.000953
0.06192
0.000742
0.048825
0.025371
0.045332
0.000985
0.018004
0.163576
0.008296
0.005667
0.012609
0.01869
0.033036
0.000449
0.037611
0.010684
0.005907
0.008107
0.009913
0.003893
0.070675
0.001287
0.020222
0.061931
0.0052
0.016908
0.053132
0.005682
0.00119
0.021311
0.05991
0.011463
0.00808
0.018952
0.024864
0.037912
0.034664
0.102982
0.040201
0.002193
0.127817
0.023077
0.042032
0.018438
0.009327
0.004047
0.029559
0.008723
0.03652
0.016218
0.019972
0.017047
0.025291
0.005215
0.045712
0.005142
0.00646
0.009352
0.039622
0.003976
0.005277
0.189286
0.00359
0.00172
0.006938
0.031856
0.096812
0.049698
0.001303
0.003866
0.012667
0.001465
0.045831
0.030415
0.13853
0.001986
0.02441
0.018439
0.04972
0.186451
0.096821
0.002311
0.032556
0.025285
0.029592
0.011969
0.027272
0.09103
0.038373
0.014646
0.004586
0.02084
0.059435
0.007599
0.017815
0.024719
0.002514
0.060403
0.004006
0.023835
0.003147
0.000476
0.01969
0.022451
0.243082
0.008205
0.008659
0.052096
0.010383
0.067787
0.023546
0.024766
0.004611
0.032926
0.020652
0.014535
0.002942
0.021192
0.042748
0.004953
0.05212
0.00102
0.015683
0.052098
0.027005
0.015569
0.067774
0.019474
0.032469
0.025176
0.021173
0.001314
0.059568
0.002105
0.005326
0.022509
0.170686
0.023743
0.036359
0.000729
0.081577
0.074325
0.034826
0.002919
0.035922
0.028362
0.000499
0.004744
0.002493
0.049406
0.006997
0.020485
0.000723
0.045762
0.001333
0.006103
0.003992
0.015893
0.053249
0.001964
0.012754
0.000707
0.032114
0.006234
0.028715
0.011752
0.019407
0.002264
0.005575
0.015998
0.033165
0.00735
0.032976
0.011266
0.00407
0.014893
0.032954
0.063402
0.002391
0.018108
0.016635
0.00432
0.009228
0.043906
0.005709
0.006826
0.032412
0.002996
0.005011
0.038705
0.034116
0.003512
0.125464
0.026261
0.008817
0.004086
0.045
0.002087
0.001972
0.000778
0.000387
0.042211
0.027096
0.001311
0.032317
0.042747
0.017316
0.014927
0.000588
0.003176
0.003784
0.004122
0.09538
0.029176
0.006808
0.013849
0.027309
0.010906
0.000856
0.002558
0.021995
0.000837
0.003388
0.002985
0.001109
0.008242
0.033387
0.011688
0.011787
0.022564
0.175016
0.003963
0.026789
0.019807
0.027903
0.032453
0.00134
0.015336
0.020331
0.000661
0.00225
0.017049
0.001275
0.013453
0.002705
0.060149
0.032175
0.064695
0.007915
0.0323
0.008504
0.044914
0.01235
0.0257
0.003918
0.004196
0.032028
0.010008
0.025795
0.001102
0.050943
0.004494
0.037849
0.019543
0.039237
0.000471
0.019239
0.031489
0.001093
0.015828
0.000968
0.009339
0.013783
0.106534
0.005881
0.016305
0.004211
0.028894
0.00286
0.015019
0.018834
0.1891
0.023825
0.053234
0.030014
0.000801
0.038756
0.022068
0.003151
0.017459
0.007163
0.024416
0.003375
0.003263
0.0084
0.029278
0.022537
0.049373
0.029941
0.009107
0.03316
0.00963
0.002284
0.029626
0.003837
0.129484
0.000697
0.030025
0.135543
0.002731
0.036934
0.001637
0.049992
0.012696
0.030815
0.028631
0.008884
0.008546
0.05228
0.197252
0.004853
0.015546
0.031964
0.019747
0.013309
0.01411
0.000947
0.002059
0.042388
0.016385
0.044665
0.015668
0.006531
0.003361
0.0364
0.029232
0.023975
0.003045
0.030503
0.002038
0.034637
0.007948
0.00168
0.01795
0.057514
0.037714
0.020004
0.034961
0.137166
0.038807
0.058668
0.006847
0.047851
0.052103
0.024216
0.011895
0.05398
0.020618
0.017074
0.02439
0.030552
0.00675
0.044888
0.004415
0.01484
0.019167
0.040922
0.004944
0.003574
0.072032
0.032606
0.010903
0.033926
0.134254
0.021572
0.013606
0.002017
0.017281
0.045168
0.032017
0.001363
0.073861
0.034018
0.001233
0.028065
0.086087
0.060813
0.006438
0.030822
0.039682
0.015424
0.037905
0.026472
0.002799
0.016989
0.072251
0.059359
0.00449
0.036098
0.018455
0.016536
0.046044
0.011476
0.004104
0.036923
0.016068
0.029817
0.01442
0.038783
0.030298
0.023026
0.012822
0.026195
0.011661
0.016619
0.073725
0.001635
0.000878
0.001146
0.003397
0.005108
0.114464
0.023042
0.011673
0.034095
0.001396
0.017955
0.010762
0.031864
0.008515
0.028536
0.027892
0.001617
0.007941
0.003812
0.104619
0.019023
0.004945
0.034837
0.031727
0.003151
0.115111
0.002591
0.002899
0.008893
0.000631
0.021344
0.018496
0.020775
0.000769
0.027672
0.033617
0.025274
0.006386
0.019217
0.022666
0.000559
0.001012
0.022223
0.000607
0.018886
0.014156
0.003137
0.04364
0.025613
0.036625
0.013002
0.008575
0.008998
0.012874
0.039598
0.00279
0.051216
0.01716
0.027073
0.006629
0.001308
0.024018
0.060588
0.03715
0.005658
0.03055
0.056615
0.028374
0.02847
0.000587
0.030684
0.022894
0.037694
0.01861
0.054719
0.002439
0.013101
0.012343
0.002127
0.003988
0.047708
0.030978
0.000848
0.006927
0.028098
0.029061
0.016805
0.036752
0.007488
0.017221
0.015855
0.033696
0.01028
0.02073
0.027419
0.021807
0.052959
0.021132
0.044948
0.014777
0.001211
0.012132
0.031565
0.008728
0.021191
0.0178
0.042432
0.083794
0.001334
0.048699
0.005447
0.015785
0.026051
0.02597
0.093557
0.043839
0.021038
0.029652
0.029078
0.004019
0.003937
0.005004
0.012297
0.002039
0.026403
0.009652
0.006504
0.016843
0.018832
0.020415
0.139566
0.036012
0.021172
0.004653
0.027504
0.002044
0.014009
0.023905
0.02777
0.100437
0.058844
0.032378
0.02757
0.048885
0.01393
0.014039
0.001231
0.022361
0.001219
0.007101
0.038496
0.015934
0.001428
0.035858
0.002086
0.003742
0.002616
0.002971
0.046013
0.025929
0.080531
0.001221
0.021526
0.027333
0.00343
0.042312
0.006507
0.044292
0.019808
0.745537
0.029269
0.023596
0.051852
0.008547
0.028458
0.006446
0.017584
0.121621
0.07699
0.008893
0.030625
0.002467
0.014752
0.00276
0.031019
0.029144
0.028338
0.058141
0.002832
0.032716
0.00155
0.011649
0.007218
0.024677
0.005015
0.027269
0.035815
0.002287
0.011253
0.01367
0.010558
0.000659
0.013561
0.001832
0.107405
0.001405
0.057211
0.103591
0.007353
0.096336
0.048886
0.009432
0.019549
0.004559
0.007239
0.018485
0.058674
0.015125
0.013384
0.009435
0.001982
0.00291
0.011969
0.001522
0.004679
0.015984
0.042879
0.002955
0.078927
0.00655
0.005893
0.00165
0.007564
0.095866
0.001127
0.015916
0.019895
0.002189
0.057513
0.001953
0.227128
0.01966
0.036962
0.008287
0.002889
0.027106
0.018182
0.015468
0.014004
0.000774
0.03099
0.027688
0.059162
0.047143
0.019109
0.030513
0.014737
0.003725
0.013396
0.018545
0.006692
0.020742
0.057949
0.10932
0.037929
