0.000867
0.007482
0.00078
0.00093
0.007751
0.021455
0.012512
0.000743
0.017155
0.007649
0.000245
0.002403
0.000203
0.007006
0.036814
0.005045
0.008192
0.00014
0.000566
0.005895
0.006348
0.001144
0.000275
0.0198
0.011553
0.001017
0.000985
0.004105
0.002569
0.004675
0.011249
0.005086
0.012241
0.009011
0.000924
0.007318
0.001267
0.00129
0.006187
0.005334
0.016856
0.018876
0.015122
0.001818
0.019273
0.001468
0.00077
0.004824
0.002578
0.00043
0.004579
0.001208
0.007324
0.003805
0.097672
0.000779
0.006377
0.002178
0.006775
0.00128
0.013478
0.00017
0.014564
0.019532
0.000893
0.005842
0.000635
0.017685
0.014488
0.002294
0.006994
0.006636
0.013239
0.006039
0.00046
0.001987
0.002302
0.00059
0.014809
0.002314
0.010392
0.0006
0.000338
0.015422
0.000927
0.007666
0.004073
0.000639
0.017343
0.002545
0.013283
0.000319
0.018504
0.016817
0.021702
0.007739
0.007184
0.044637
0.01902
0.005497
0.004268
0.00017
0.005021
0.000222
0.007793
0.003016
0.00019
0.00239
0.00672
0.053171
0.001606
0.005897
0.002384
0.003397
0.000207
0.017804
0.004937
0.0059
0.009677
0.006159
0.011709
0.000144
0.0007
0.003616
0.000323
0.007201
0.000652
0.016024
0.00655
0.006796
0.00702
0.000194
0.003572
0.005517
0.00089
0.015761
0.010351
0.000376
0.020524
0.000805
0.00013
0.001166
0.000731
0.000137
0.004812
0.00812
0.005581
0.005323
0.000362
0.032529
0.00085
0.001039
0.005492
0.000589
0.015464
0.00017
0.003841
0.017159
0.008587
0.032055
0.000345
0.007693
0.005437
0.013848
0.011213
0.005107
0.014031
0.005532
0.006909
0.00155
0.005674
0.005356
0.00085
0.017712
0.046971
0.000418
0.00687
0.006637
0.002627
0.004455
0.01976
0.000245
0.008882
0.000218
0.007249
0.000638
0.006978
0.000924
0.00065
0.00011
0.011543
0.003946
0.01475
0.017671
0.002966
0.000835
0.003751
0.007814
0.13294
0.006939
0.011111
0.001732
0.002639
0.014323
0.061645
0.000817
0.000675
0.000632
0.00417
0.015058
0.004341
0.001466
0.006578
0.008072
0.010834
0.008964
0.000282
0.007224
0.000946
0.000184
0.008562
0.006317
0.012475
0.026077
0.000719
0.000149
0.000137
0.000997
0.005626
0.013943
0.000287
0.004845
0.004832
0.001123
0.032546
0.000305
0.000492
0.004146
0.001359
0.026202
0.00012
0.000823
0.006529
0.007175
0.00401
0.010308
0.00274
0.005431
0.006602
0.00161
0.005188
0.01326
0.004641
0.007105
0.00456
0.007372
0.004969
0.009337
0.021374
0.13101
0.000566
0.000417
0.000468
0.000536
0.001356
0.014424
0.001093
0.004343
0.000422
0.00063
0.000173
0.002101
0.006202
0.000223
0.00385
0.005632
0.008105
0.007188
0.004941
0.000225
0.00063
0.014925
0.000225
0.014784
0.014128
0.003927
0.020577
0.000534
0.007661
0.014369
0.000573
0.004659
0.126062
0.000199
0.014637
0.003398
0.044591
0.011293
0.000689
0.004851
0.007657
0.017094
0.009735
0.005752
0.000751
0.001246
0.015104
0.013178
0.022123
0.014315
0.004517
0.000961
0.00012
0.000436
0.000416
0.014799
0.000423
0.009625
0.000188
0.021922
0.000212
0.007897
0.011763
0.021395
0.000258
0.00483
0.027094
0.003795
0.000644
0.003273
0.005795
0.01031
0.000185
0.006939
0.005638
0.001648
0.00267
0.001636
0.001221
0.014171
0.000274
0.005023
0.022621
0.001203
0.003602
0.026922
0.001719
0.000187
0.013172
0.018941
0.008357
0.000387
0.011219
0.01431
0.015607
0.006816
0.013251
0.007802
0.0006
0.032407
0.008718
0.006827
0.00591
0.001046
0.000985
0.006043
0.001527
0.006795
0.004067
0.005604
0.004177
0.005731
0.001084
0.008179
0.000819
0.002714
0.002927
0.019063
0.001476
0.001663
0.031141
0.000455
0.000186
0.001498
0.005863
0.069533
0.006416
0.000194
0.001338
0.001485
0.000273
0.028017
0.005745
0.011914
0.000499
0.005495
0.008838
0.015281
0.01354
0.020575
0.000648
0.004165
0.013095
0.018572
0.000737
0.018212
0.012641
0.014152
0.005909
0.00109
0.008737
0.049501
0.002656
0.004761
0.005306
0.000907
0.035514
0.00126
0.008141
0.001083
0.000137
0.00375
0.007959
0.018393
0.001266
0.002493
0.009222
0.004871
0.007921
0.005344
0.007805
0.001248
0.007665
0.00662
0.010936
0.000633
0.005534
0.008394
0.001273
0.030768
0.000173
0.005277
0.015235
0.009453
0.005144
0.04011
0.012914
0.005849
0.013905
0.012136
0.000221
0.041309
0.000202
0.001797
0.002377
0.015658
0.007688
0.015019
0.000207
0.040022
0.038678
0.008107
0.000813
0.014478
0.013457
0.00019
0.001314
0.000628
0.015838
0.002662
0.003775
0.000173
0.013247
0.000199
0.001855
0.00128
0.00952
0.018401
0.000561
0.00409
0.000122
0.015509
0.003157
0.012962
0.00433
0.005548
0.000557
0.000661
0.005932
0.008488
0.003184
0.017605
0.005116
0.000888
0.001993
0.007865
0.013563
0.000693
0.007889
0.00952
0.001348
0.000198
0.016876
0.000937
0.00304
0.005494
0.000428
0.001122
0.013102
0.014044
0.000387
0.013447
0.014209
0.002185
0.001152
0.008603
0.000701
0.000596
0.000176
0.000132
0.013992
0.015269
0.000375
0.014368
0.007243
0.007049
0.005841
0.0002
0.001102
0.001558
0.001048
0.015395
0.005398
0.0023
0.009775
0.006892
0.004685
0.000296
0.000296
0.005524
0.000189
0.000455
0.000863
0.00027
0.001121
0.004371
0.002693
0.004547
0.007292
0.014779
0.00131
0.007964
0.011968
0.014216
0.00902
0.000226
0.003606
0.007347
0.000163
0.000373
0.00581
0.000308
0.004536
0.000466
0.017995
0.007899
0.006818
0.001389
0.006013
0.00326
0.015014
0.00488
0.016254
0.000615
0.001158
0.006895
0.001464
0.007576
0.000189
0.020576
0.000742
0.021714
0.003913
0.00809
0.000196
0.006406
0.016449
0.0002
0.00903
0.000144
0.000868
0.005964
0.072939
0.001592
0.007623
0.001419
0.011856
0.000833
0.009493
0.010096
0.025638
0.014774
0.007601
0.014052
0.000185
0.0149
0.007032
0.000609
0.0102
0.004118
0.006845
0.001401
0.001194
0.004996
0.015945
0.006605
0.025261
0.004159
0.001637
0.015481
0.001692
0.000189
0.008035
0.001016
0.011496
0.000196
0.01037
0.062841
0.000816
0.006578
0.000239
0.014711
0.00865
0.014965
0.007736
0.004401
0.002646
0.005946
0.026477
0.000706
0.003608
0.015765
0.003973
0.005822
0.010244
0.000136
0.00062
0.021437
0.01096
0.005019
0.009597
0.002079
0.000641
0.014457
0.019064
0.006469
0.000948
0.017752
0.000644
0.007603
0.004693
0.000123
0.012443
0.005763
0.018178
0.008824
0.016051
0.018543
0.007762
0.046802
0.004114
0.01662
0.0049
0.007072
0.004792
0.006645
0.00631
0.011282
0.014084
0.013727
0.001424
0.006408
0.001318
0.008395
0.005074
0.015415
0.000532
0.000737
0.015215
0.006838
0.005866
0.022914
0.017272
0.010151
0.006708
0.000609
0.005772
0.010746
0.009606
0.000394
0.026974
0.021407
0.000253
0.011116
0.010049
0.021444
0.003099
0.013281
0.020607
0.005723
0.014351
0.00803
0.000691
0.010237
0.00501
0.013902
0.001016
0.018685
0.008385
0.005358
0.025056
0.002662
0.000438
0.019265
0.004681
0.017163
0.005081
0.013288
0.012924
0.015565
0.005123
0.004648
0.005013
0.002015
0.009513
0.000528
0.000256
0.000296
0.000905
0.000936
0.02111
0.004396
0.004388
0.01524
0.000373
0.006339
0.001809
0.017672
0.001332
0.006939
0.005606
0.000152
0.004325
0.001281
0.018423
0.005723
0.001391
0.017089
0.017448
0.000528
0.009497
0.000465
0.000965
0.001877
0.000187
0.003903
0.004932
0.010285
0.000178
0.004578
0.01595
0.008851
0.000667
0.011071
0.005809
0.000189
0.00026
0.011757
0.000138
0.007292
0.006261
0.000563
0.006258
0.007232
0.006511
0.002194
0.001583
0.002307
0.009563
0.007046
0.000638
0.014497
0.006317
0.013039
0.004063
0.000405
0.014009
0.008337
0.009374
0.002296
0.018747
0.018106
0.012419
0.006806
0.00021
0.004973
0.01088
0.00957
0.006019
0.016941
0.000698
0.004738
0.00599
0.000615
0.001296
0.03121
0.017042
0.000196
0.002297
0.006748
0.001398
0.004208
0.016264
0.001735
0.011467
0.004856
0.006205
0.001057
0.015067
0.014848
0.008359
0.022259
0.00899
0.021858
0.001585
0.00031
0.004439
0.01845
0.002408
0.005749
0.005054
0.033516
0.057929
0.000382
0.016518
0.001447
0.006025
0.006935
0.005331
0.067655
0.006837
0.008551
0.006349
0.020763
0.000717
0.000891
0.000886
0.005496
0.000397
0.015207
0.001744
0.002665
0.005001
0.009367
0.011975
0.010926
0.005826
0.008422
0.000867
0.013827
0.000532
0.006906
0.004902
0.005446
0.016875
0.038633
0.015479
0.007809
0.013485
0.002208
0.001284
0.000246
0.007266
0.000288
0.002495
0.021145
0.011462
0.000323
0.009532
0.000553
0.001569
0.000573
0.000881
0.014069
0.006388
0.015518
0.000433
0.006641
0.013799
0.000907
0.027196
0.001764
0.016073
0.006479
0.01652
0.004786
0.001443
0.017642
0.004468
0.00778
0.002265
0.007093
0.011179
0.020314
0.0022
0.006417
0.000185
0.004397
0.00083
0.004378
0.014967
0.015061
0.002695
0.000733
0.008492
0.000202
0.003839
0.002398
0.006681
0.001201
0.013201
0.008941
0.000754
0.006073
0.008307
0.003267
0.000211
0.004679
0.000231
0.018435
0.000412
0.006684
0.006678
0.004648
0.073193
0.015121
0.001538
0.006045
0.001132
0.003372
0.006852
0.008457
0.004326
0.005058
0.002245
0.000583
0.000622
0.004842
0.000271
0.001495
0.004609
0.016669
0.000615
0.053163
0.000372
0.001506
0.000446
0.001138
0.006923
0.000312
0.000695
0.001309
0.000691
0.017405
0.000544
0.020434
0.010044
0.00974
0.002674
0.000731
0.013477
0.005058
0.003933
0.010325
0.00012
0.005078
0.006971
0.012906
0.009641
0.014086
0.016012
0.006034
0.001493
0.004383
0.005435
0.002336
0.00526
0.034678
0.064151
0.007202
