64.2028
269.273
123.847
131.4
454.802
383.867
288.183
104.01
301.066
301.188
31.7805
232.699
13.1529
285.983
367.839
369.899
469.898
19.9249
152.544
474.523
305.797
154.201
33.0151
438.401
214.912
203.725
138.221
326.719
235.204
202.066
310.811
381.811
312.674
295.039
169.118
432.51
157.41
215.863
427.679
359.857
412.247
410.95
430.441
109.833
300.795
194.126
186.003
347.667
199.287
93.2309
350.184
183.992
193.754
184.947
535.016
135.093
387.66
204.707
419.706
146.986
383.836
23.7697
382.474
299.432
190.276
414.576
91.7061
302.209
529.605
231.925
275.983
442.649
361.442
382.66
106.607
219.804
199.774
128.144
435.664
203.528
276.5
96.8349
66.8506
290.367
193.83
300.885
364.445
157.035
365.489
237.002
306.723
60.8769
425.699
379.296
378.794
200.718
476.406
537.606
387.478
421.541
367.505
29.5466
311.846
19.2354
469.233
205.183
14.5602
190.395
456.254
538.327
191.882
379.065
195.489
435.501
29.8329
448.216
359.981
420.13
229.142
315.154
277.784
19.2354
148.071
313.292
124.451
416.693
147.636
382.265
415.993
298.356
274.157
18.0278
279.035
391.843
137.568
442.472
233.584
82.4621
388.961
133.405
16.1245
148.003
133.701
25.9422
188.412
454.943
296.366
465.855
40.3113
453.759
184.621
163.049
408.932
97.2471
301.318
6.7082
393.056
362.244
474.934
453.759
55.0727
441.352
373.855
382.875
286.754
394.167
308.847
192.41
433.022
113.953
342.8
304.987
136.499
293.706
364.815
79.3221
420.476
459.827
246.4
353.577
378.773
15.1327
272.228
23.7697
477.82
86.093
427.387
176.185
95.3834
4
289.967
196.121
293.395
386.336
196.533
93.8789
187.072
470.731
540.845
404.239
290.952
111.972
243.805
372.269
536.128
183.897
132.322
159.831
189.673
373.866
332.501
155.416
412.801
275.221
313.094
430.471
9.21954
460.014
134.848
13.9284
471.344
391.699
291.82
372.255
115.802
7.61577
24.6982
164.785
203.378
425.765
52.0096
385.603
376.384
180.624
528.784
53.0094
155.57
275.951
211.291
369.517
2
149.803
271.231
438.553
390.167
282.46
242.407
380.154
424.012
149.365
309.957
290.276
277.146
272.024
200.489
431.521
395.578
224.494
391.439
538.094
160.527
87.6584
165.469
160.238
152.594
380.418
153.405
372.907
87.9204
166.931
35.609
199.42
436.095
68.6222
367.642
479.505
314.787
437.248
194.378
13.4164
89.2356
535.202
34.8281
292.045
533.401
376.715
303.976
123.794
432.761
366.983
105.119
199.407
537.592
17.4642
289.176
187.607
440.585
282.904
200.122
377.795
484.173
379.255
481.55
461.069
190.94
125.6
541.806
254.734
304.921
286.688
293.502
165.702
20.8087
159.101
92.0869
280.569
126.621
269.467
48.9183
384.448
14.3178
453.635
293.912
391.271
42.0119
412.782
439.439
183.957
124.471
197.022
386.7
243.727
4.12311
439.62
373.277
206.206
252.42
152.193
97.937
307.059
37.5766
368.49
390.844
182.981
200.575
369.517
159.656
21.0238
279.126
412.358
215.66
84.8764
291.666
413.474
387.335
448.831
282.487
276.155
94.0479
541.522
473.989
476.406
349.013
200.212
144.941
398.323
212.434
266.978
356.439
367.049
478.017
350.258
166.832
483.343
193.073
238.43
195.977
380.509
207.82
197.115
537.916
85.6037
36.0694
110.127
225.096
530.317
267.113
34
123.059
135.388
37.0135
368.154
437.733
282.646
92.6553
221.51
207.017
282.688
285.261
375.976
122.287
477.948
299.821
357.515
90.9621
390.472
283.627
379.605
365.407
185.607
476.8
367.66
235.932
351.729
477.893
126.4
539.929
116.615
481.051
144.586
22.4722
477.274
434.67
303.622
184.911
233.431
286.736
338.21
269.524
412.711
478.879
136.638
444.416
200.406
234.945
149.933
346.621
226.565
160.415
533.483
3.16228
397.961
541.004
481.419
379.037
529.091
296.668
428.224
256.361
296.619
27.2947
372.548
17.8045
217.249
232.2
285.496
235.784
286.778
34.7131
452.214
536.246
453.635
142.636
381.613
379.228
16.2788
134.61
106.832
289.725
245.601
394.469
3.60555
360.395
14.0357
131.402
144.915
301.117
397.507
94.3027
360.214
6.08276
285.543
197.501
355.043
416.338
297.292
101.213
128.69
421.955
463.622
211.419
378.35
300.525
91.8218
209.571
453.398
256.94
120.42
315.444
310.788
123.612
16.4924
371.305
168.582
193.112
418.057
146.373
142.917
284.18
305.098
76.2168
275.024
272.813
185.645
160.031
226.565
104.623
103.005
31.0161
13.4164
375.583
433.989
65.215
373.308
474.031
297.079
302.176
15.8114
171.825
139.976
140.089
277.035
484.96
234.088
270.475
445.583
328.459
26.9258
8.60233
401.031
11.1803
132.231
169.118
3.60555
143.056
470.147
202.402
388.902
402.413
310.415
184.629
476.387
285.511
283.314
431.005
41.1461
281.849
213.431
12.6491
107.016
394.098
65.5134
350.822
167.586
296.554
202.621
270.311
191.031
449.11
209.266
309.45
361.544
267.176
155.589
201.626
425.748
127.883
459.793
20.2485
386
208.607
382.45
473.037
477.042
13.4536
408.31
456.646
16.5529
215.951
23.8537
178.393
314.253
426.471
98.8468
465.431
143.845
241.666
150.987
230.823
282.459
441.388
291.268
480.068
260.543
30.4138
379.863
453.278
155.312
237.14
189.583
402.657
125.037
150.881
203.405
286.524
320.529
370.026
479.428
103.944
306.193
206.306
4.24264
470.644
146.997
271.12
15.6205
271.602
530.774
144.045
270.166
40.3113
529.432
210.609
382.474
446.813
187.455
191.515
393.329
438.87
157.522
450.367
297.449
378.128
293.715
282.495
20.0998
105.475
376.609
317.207
384.472
216.202
201.714
102.005
373.959
380.642
474.299
137.201
416.48
109
477.797
208.435
11.0454
216.878
464.64
382.343
472.84
395.975
305.923
474.123
442.817
195.854
260.366
401.693
419.204
186.387
466.719
387.66
287.579
281.326
308.041
209.23
437.247
186.038
230.72
344.246
545.601
155.57
142.425
283.981
417.66
200.385
370.472
284.194
292.441
205.582
114.634
308.46
274.105
307.403
68.6003
438.87
390.289
18.4391
288.165
284.182
382.45
192.41
367.673
385.844
383.725
306.852
416.617
158.871
296.441
384.472
283.411
188.958
396.324
310.369
388.213
377.763
197.682
151.327
373.681
361.234
382.255
194.386
294.832
296.668
277.015
343.21
387.115
347.667
205.781
289.673
69.4622
33.541
69.4262
145.602
149.265
306.792
349.927
357.502
360.255
67.1193
393.89
201.283
383.341
141.828
312.642
386.535
31.1448
190.507
178.869
304.351
363.632
150.95
262.466
287.672
161.929
271.226
137.186
158.673
203.79
8.544
357.099
367.165
298.441
5.38516
436.856
540.829
428.813
155.621
282.736
478.577
10.4403
51.3128
313.785
19.9249
460.44
400.91
129.634
443.842
449.519
455.505
192.153
208.37
232.699
197.92
440.066
127.914
437.078
411.206
286.714
183.957
72.111
303.365
472.847
274.962
198.978
470.147
389.332
311.68
416.984
20.1246
313.747
272.659
241.425
410.115
471.472
112.201
203.545
208.385
114.337
157.623
527.937
467.269
31.241
189.406
278.978
144.822
358.152
463.681
108.898
267.813
363.901
437.906
201.675
306.1
429.027
458.254
370.815
433.402
437.198
152.331
74.0608
333.458
410.185
231.683
414.017
368.122
359.295
531.047
67.8012
482.76
133.097
348.208
389.24
403.194
531.503
274.023
457.988
437.247
371.663
204.355
203.691
159.665
352.001
85.1469
436.128
197.963
192.823
390.151
310.788
299.272
277.267
418.459
308.165
136.18
290.982
106.607
417.528
377.402
379.886
285.053
363.061
364.255
443.776
276.827
200.366
121.81
59.9083
307.84
54.037
243.214
377.146
207.687
72.9178
279.85
94.0319
159.778
121.659
141.45
376.532
437.343
379.709
44.4072
411.364
390.854
171.33
382.213
202.259
547.819
416.049
358.329
367.637
214.87
293.706
231.726
482.996
226.815
213.431
279.825
388.683
207.297
415.993
33.6006
355.46
138.405
357.644
400.119
360.645
191.515
121.211
417.225
20.2237
200.515
233.658
417.024
120.654
367.345
274.884
123.458
300.416
307.208
211.738
21.3776
379.306
17.4642
297.246
81.8352
276.983
271.308
202.486
532.285
536.004
143.675
395.127
176.324
205.414
416.252
268.586
362.178
380.402
204.8
96.7988
102.626
197.378
7.61577
103.375
351.461
482.76
171.126
529.447
78.2432
129.703
93.7443
149.04
283.996
19.7231
175.385
152.322
115.935
300.111
102.343
304.616
279.462
290.67
239.019
120.433
365.411
390.591
209.317
213.728
13.6015
381.811
432.601
287.658
278.682
293.842
422.048
415.106
127.338
376.485
389.513
198.664
381.703
535.471
531.741
452.347
