0.021383
0.179349
0.032194
0.262765
0.107604
0.011051
0.011997
0.192051
0.017957
0.081849
0.135418
0.010396
0.000385
0.056501
0.299901
0.10666
0.000345
0.0002
0.000348
0.235971
0.206008
0.010162
0.000395
0.036777
0.000301
0.000215
0.1881
0.068238
0.094172
0.184145
0.194155
0.166745
0.136265
0.016363
0.055549
0.091883
0.098842
0.103524
0.092841
0.0773
0.000259
0.000241
0.133584
0.026795
0.081554
0.070287
0.062095
0.05035
0.000345
0.131517
0.012977
0.09306
0.043269
0.026012
0.091622
0.120031
0.07438
0.192054
0.027765
0.119136
0.051702
0.048027
0.009186
0.087011
0.054195
0.048085
0.107932
0.084208
0.302627
0.013255
0.043399
0.000214
0.00032
0.022103
0.031942
0.186949
0.036336
0.111194
0.107826
0.082094
0.030971
0.072877
0.069658
0.040436
0.000294
0.078701
0.053963
0.077889
0.304013
0.082053
0.000173
0.01093
0.128126
0.034139
0.065131
0.02369
0.016154
0.023516
0.067621
0.104929
0.103023
0.304298
0.025389
0.01163
0.018906
0.015641
0.054913
0.107599
0.025414
0.067285
0.078157
0.042797
0.155419
0.159847
0.021642
0.076927
0.028406
0.081596
0.085229
0.000193
0.029946
0.080882
0.10126
0.162511
0.034084
0.270523
0.010397
0.000174
0.111041
0.069311
0.066743
0.092978
0.018713
0.195178
0.000361
0.202929
0.107206
0.105712
0.100441
0.065587
0.000287
0.009563
0.05367
0.017724
0.072604
0.114151
0.084454
0.097259
0.000233
0.069047
0.101136
0.021441
0.012339
0.345029
0.069459
0.204088
0.031507
0.101364
0.000334
0.073461
0.067913
0.069905
0.073573
0.026066
0.028298
0.055611
0.078331
0.131483
0.07703
0.149919
0.032433
0.000171
0.105245
0.052092
0.070254
0.013675
0.024081
0.070356
0.30686
0.213238
0.012113
0.235078
0.010801
0.040744
0.00026
0.05914
0.000293
0.084067
0.070498
0.084575
0.072039
0.216378
0.078249
0.025788
0.07853
0.032341
0.120055
0.09023
0.061827
0.272436
0.098591
0.008114
0.027521
0.125622
0.045944
0.178115
0.014102
0.036596
0.265773
0.024492
0.068025
0.192744
0.079596
0.021465
0.021229
0.110167
0.227527
0.062471
0.046147
0.000208
0.10178
0.013174
0.083532
0.025206
0.25166
0.087386
0.07544
0.010639
0.044565
0.000204
0.014562
0.04495
0.1849
0.133043
0.115271
0.130387
0.07444
0.015166
0.009275
0.053303
0.125805
0.000268
0.090007
0.045047
0.12357
0.011296
0.064333
0.105203
0.146227
0.029036
0.170742
0.030239
0.000321
0.118976
0.116061
0.031928
0.018844
0.000213
0.13598
0.106227
0.105061
0.018154
0.101679
0.079676
0.061962
0.189777
0.197053
0.150682
0.050251
0.048322
0.12693
0.200209
0.128505
0.11931
0.166778
0.048084
0.019993
0.000241
0.086069
0.199306
0.02804
0.01966
0.00918
0.009804
0.089323
0.01824
0.031047
0.089707
0.115183
0.085287
0.177483
0.067783
0.113785
0.084104
0.036347
0.193401
0.000311
0.077753
0.00025
0.021844
0.010427
0.000209
0.000185
0.000144
0.06403
0.160896
0.106338
0.0002
0.045279
0.000389
0.027191
0.167885
0.34593
0.106497
0.090281
0.076099
0.022843
0.060739
0.085076
0.085082
0.018974
0.009001
0.093746
0.000416
0.188953
0.013921
0.020746
0.013764
0.069162
0.000213
0.012693
0.074948
0.08653
0.108061
0.194487
0.074759
0.010739
0.036799
0.092097
0.000276
0.201844
0.205625
0.080968
0.029081
0.08024
0.073764
0.155554
0.038053
0.082843
0.131721
0.094747
0.12201
0.013548
0.154902
0.080662
0.000312
0.031157
0.000179
0.049876
0.037299
0.086138
0.183186
0.019162
0.090968
0.012999
0.016259
0.106893
0.092598
0.196827
0.23261
0.112313
0.096921
0.018234
0.074496
0.000229
0.109155
0.185826
0.105782
0.080399
0.041174
0.039773
0.029619
0.015502
0.014258
0.132595
0.024477
0.02103
0.031214
0.000221
0.022994
0.082894
0.273205
0.070172
0.018767
0.023681
0.026176
0.000321
0.021136
0.011697
0.160946
0.021458
0.009813
0.266822
0.171684
0.0002
0.091937
0.013586
0.131299
0.016791
0.17204
0.017668
0.088431
0.081121
0.267102
0.011282
0.108296
0.020856
0.080832
0.000348
0.013683
0.093446
0.010405
0.047932
0.119168
0.010957
0.109256
0.010151
0.010344
0.02136
0.024739
0.047013
0.107316
0.027772
0.021204
0.268356
0.155278
0.129775
0.100223
0.009894
0.000346
0.024165
0.119081
0.101839
0.103081
0.114631
0.027129
0.051567
0.00884
0.085147
0.258446
0.014338
0.048035
0.087443
0.01311
0.077456
0.000306
0.010665
0.112678
0.010142
0.047322
0.032175
0.000312
0.051308
0.026383
0.163854
0.103437
0.021266
0.016608
0.033259
0.211307
0.017462
0.060548
0.145359
0.017081
0.012779
0.000229
0.000185
0.174558
0.07283
0.000348
0.104445
0.169395
0.191526
0.010885
0.067569
0.024432
0.03626
0.014866
0.08626
0.047587
0.010929
0.011982
0.000288
0.246985
0.075899
0.080129
0.083035
0.117028
0.181379
0.000194
0.013132
0.130006
0.071561
0.164756
0.08058
0.197247
0.18793
0.094348
0.052058
0.300881
0.081455
0.077195
0.115938
0.306846
0.141383
0.105824
0.086097
0.010942
0.094216
0.06853
0.000196
0.018182
0.105878
0.20652
0.176462
0.043977
0.195801
0.028348
0.020509
0.068572
0.05549
0.197547
0.012443
0.012753
0.000297
0.03979
0.287273
0.021753
0.000198
0.169797
0.181938
0.085607
0.091088
0.106108
0.080388
0.085376
0.033223
0.10084
0.126535
0.010913
0.084491
0.103495
0.086969
0.076073
0.000334
0.089372
0.02324
0.00031
0.074965
0.09761
0.183244
0.000219
0.027402
0.010837
0.10353
0.06672
0.017776
0.068438
0.029522
0.015098
0.039045
0.25737
0.009984
0.019799
0.084838
0.121841
0.000245
0.000303
0.25769
0.105918
0.111548
0.206877
0.167994
0.091847
0.086045
0.097211
0.000284
0.240436
0.075753
0.085734
0.008067
0.063727
0.352297
0.07834
0.123423
0.010344
0.022057
0.173722
0.000351
0.045954
0.000172
0.128054
0.000223
0.014733
0.107481
0.011285
0.192533
0.01474
0.012404
0.304298
0.067394
0.147552
0.109852
0.008151
0.014366
0.012848
0.000188
0.009106
0.077067
0.183937
0.011512
0.106132
0.240632
0.103131
0.011715
0.045244
0.068827
0.096963
0.010791
0.122727
0.025772
0.070512
0.000362
0.110311
0.281077
0.213487
0.057797
0.084162
0.186646
0.134003
0.026247
0.101123
0.039559
0.172435
0.084883
0.083554
0.05544
0.026962
0.012138
0.009974
0.07536
0.074568
0.000177
0.048186
0.083772
0.010034
0.015595
0.107605
0.083697
0.009963
0.024614
0.222146
0.000232
0.105742
0.012737
0.000415
0.300106
0.135473
0.012222
0.070436
0.000288
0.01299
0.014948
0.345062
0.348142
0.096031
0.0109
0.000234
0.099662
0.219468
0.074557
0.046277
0.032976
0.210014
0.031059
0.008676
0.012244
0.091928
0.047526
0.017194
0.27642
0.036393
0.018089
0.016275
0.056421
0.031019
0.153896
0.013637
0.012287
0.000261
0.032037
0.029458
0.351131
0.07979
0.041836
0.000186
0.11808
0.000409
0.030916
0.263227
0.012149
0.009321
0.09676
0.129633
0.065805
0.240245
0.061925
0.108366
0.315768
0.048438
0.113213
0.067205
0.319178
0.175242
0.084175
0.01153
0.073626
0.013438
0.18428
0.120608
0.106602
0.01099
0.043018
0.097349
0.026796
0.029101
0.073777
0.027352
0.066057
0.104006
0.028431
0.049791
0.122789
0.031157
0.084535
0.088521
0.272107
0.275413
0.074247
0.080543
0.009479
0.080236
0.022646
0.064151
0.000221
0.071842
0.000187
0.050467
0.275609
0.0191
0.091922
0.010338
0.013094
0.192361
0.017908
0.198409
0.047996
0.163813
0.000198
0.215194
0.010307
0.032344
0.196003
0.104882
0.059073
0.011987
0.01863
0.077974
0.09711
0.16489
0.000175
0.000166
0.021959
0.071328
0.05376
0.043212
0.000198
0.000248
0.031451
0.020746
0.013417
0.00031
0.07181
0.00028
0.112688
0.353285
0.024802
0.075686
0.011941
0.011052
0.01862
0.071525
0.040737
0.083995
0.010491
0.000187
0.077741
0.03892
0.000341
0.02983
0.027024
0.013823
0.145529
0.089834
0.085968
0.048216
0.036594
0.061478
0.096255
0.000187
0.020205
0.195617
0.023471
0.273925
0.128083
0.000231
0.20211
0.203525
0.000357
0.01101
0.086902
0.069309
0.032765
0.01225
0.127361
0.000216
0.017359
0.161109
0.032513
0.024878
0.113704
0.126436
0.307029
0.171312
0.116846
0.067062
0.065906
0.226141
0.00827
0.033505
0.000186
0.067241
0.094226
0.010759
0.047588
0.000233
0.120855
0.272459
0.343496
0.03082
0.00026
0.0313
0.063491
0.051581
0.01194
0.087757
0.24997
0.010919
0.021116
0.118126
0.000189
0.016764
0.024422
0.042007
0.132306
0.215119
0.215513
0.107659
0.167597
0.012045
0.03888
0.107834
0.07428
0.157355
0.023176
0.074251
0.079778
0.104457
0.052749
0.034562
0.00024
0.000145
0.01383
0.000311
0.071113
0.027245
0.221121
0.346242
0.261602
0.084833
0.267459
0.026605
0.306758
0.000296
0.0267
0.010866
0.022085
0.000255
0.019588
0.000335
0.305134
0.137308
0.000256
0.105185
0.078412
0.03164
0.016647
0.220456
0.093175
0.048602
0.06847
0.000273
0.185725
0.039027
0.014916
0.276486
0.307968
0.193417
0.03752
0.009365
0.035263
0.090639
0.00036
0.308504
0.026822
0.073895
0.071105
0.072017
0.089379
0.111114
0.032369
0.099895
0.276207
0.081243
0.000228
0.212534
0.000275
0.106483
0.028656
0.074518
0.081026
0.0646
0.011921
0.051928
0.139406
0.087795
0.09447
0.000219
0.00933
0.022905
0.093851
0.108073
0.032748
0.277957
0.30317
0.000227
0.050267
0.079128
0.000202
0.012545
0.204927
0.071406
0.257664
0.00995
0.209312
0.075602
0.000232
0.122251
0.103297
0.10353
0.150097
0.132576
0.108002
0.000209
0.103874
0.090215
0.024465
0.008902
0.024722
0.021562
0.000257
0.112001
0.266086
0.118679
0.011631
0.107457
0.022113
0.073837
0.035296
0.175226
