257.901
239.235
231.487
277.904
252.35
287.955
246.089
302.491
78.0064
334.946
130.599
270.246
85.7088
299.282
196.31
47.8853
122.25
55.5698
244.102
236.647
307.059
354.044
216.541
182.252
346.383
195.92
164.713
178.045
271.652
50.5901
296.961
263.45
86.6833
98.1275
120.217
138.013
277.08
37.3631
95.4411
333.935
196.239
331.851
304.32
43.2897
200.326
282.781
328.178
168.962
226.796
137.058
130.511
346.748
164.124
292.091
85.2115
70.2922
322.563
301.366
257.202
279.331
391.131
183.393
109.659
391.212
297.923
201.841
77.1038
181.301
299.453
320.221
281.693
341.186
285.161
226.376
232.955
169.145
360.663
123.321
148.486
287.045
265.237
251.441
297.553
243.091
113.071
331.889
297.606
273.978
277.365
282.161
243.157
62.8013
135.393
361.388
176.129
239.644
213.82
361.581
160.478
196.156
115.209
112.72
206.789
250.598
102.02
110.701
222.41
71.0634
183.763
197.992
92.9825
295.654
91.2414
107.185
79.1046
353.362
351.314
41.4367
75.8222
140.375
188.823
242.085
223.404
238.314
341.679
301.751
251.428
283.446
391.15
153.123
246.889
275.197
252.914
229.053
100.319
326.76
251.127
235.379
218.638
357.717
304.933
260.25
74.9667
156.174
235.719
251.463
259.759
374.615
297.671
385.553
236.713
303.467
271.958
313.597
109.905
31.5753
265.925
172.895
135.004
154.966
12.0416
146.25
227.379
228.176
276.585
261.426
264.235
50.2494
176.324
122.25
197.743
254.524
128.062
85.2481
157.481
311.516
300.91
395.808
110.454
285.217
282.07
282.054
288.088
286.293
225.84
387.386
238.434
75.2861
285.305
265.17
230.444
267.066
161.801
178.375
154.383
103.16
179.758
223.841
155.238
218.781
193.799
265.425
169.202
77
162.726
83.412
187.382
130.269
207.307
293.616
264.342
140.684
309.75
303.051
244.802
207.22
287.079
126.317
49.681
242.095
261.284
197.99
31.0644
140.198
374.833
146.427
186.271
166.138
107.958
212.662
87.8635
290.809
146.164
184.303
326.918
123.968
175.559
153.26
206.119
71.0634
182.232
265.512
166.643
242.425
380.672
130.874
134.015
77.6209
323.705
69.4622
145.432
215.528
211.151
178.31
262.887
170.602
298.252
102.402
379.616
242.874
284.83
54.0915
167.229
69.0652
86.7295
266.41
164.698
343.421
305.511
72.3671
287.637
230
272.742
89.0505
276.111
254.984
211.41
79.3977
293.136
295.073
87.4185
117.618
319.875
242.272
252.509
144.115
188.379
262.129
151.805
68.6804
73.0274
99.2472
238.964
140.897
255.234
71.3092
287.045
300.718
247.404
211.629
326.698
113.886
130.292
205.679
218.154
70.9366
239.087
77.1038
256.7
153.101
88.4816
176.089
219.601
92.2659
268.512
295.312
242.426
127.142
286.976
278.486
59.4811
354.635
93.4345
314.385
179.226
214.304
287.534
40.2467
198.044
218.311
351.834
93.0221
109.481
380.678
74.3303
123.051
263.934
206.349
260.806
147.492
197.849
342.647
178.769
361.84
229.715
301.733
115.884
278.596
168.873
352.548
62.3699
310.588
325.109
88.6454
177.8
252.242
244.915
271.1
288.705
98.0824
225.416
207.355
202.108
251.383
231.693
258.163
133.023
239.043
273.576
258.861
178.014
157.529
278.004
175.84
336.256
146.306
68.4105
313.536
57.4282
300.784
226.274
339.324
132.396
272.113
258.157
143.405
269.115
205.907
103.755
250.724
126.037
186.253
228.768
245.986
305.021
238.066
176.918
79.6003
215.723
83.2547
180.102
286.508
263.197
213.559
79.6116
179.528
112.539
54.5619
308.62
93.0221
217.271
264.981
48.0416
335.216
189.015
289.372
146.586
184.087
140.118
247.213
269.642
249.97
253.751
228.152
151.938
117.154
303.003
236.547
119.419
369.329
229.848
206.989
259.559
194.794
234.201
258.793
184.227
249.915
50.1597
82.0061
285.705
199.974
214.554
233.195
262.736
255.113
245.703
46.0977
220.658
318.512
90.1081
333.804
195.489
314.875
166.546
232.863
95.5879
138.161
265.023
392.182
357.379
173.722
293.563
152.144
391.92
185.907
57.0088
162.111
224.657
295.856
309.477
306.11
163.516
178.011
342.735
287.498
280.33
283.868
74.4312
173.842
356.598
102.078
81.4985
163.989
237.664
133.54
245.177
212.297
259.234
265.553
268.814
237.247
298.878
185.557
186.55
89.4707
189.654
252.472
273.382
292.013
300.622
372.293
289.197
181.329
77.9659
130.26
74.4312
136.544
138.57
327.616
350.104
61.3826
252.541
148.515
76.6942
321.139
315.222
383.375
258.306
221.253
243.653
132.402
196.825
393.985
343.157
123.16
250.418
169.319
191.502
178.676
241.863
127.781
188.427
203.519
209.465
306.444
267.137
133.578
106.301
84.2211
318.536
77.3175
72.6223
148.223
330.439
90.471
226.583
211.317
267.351
118.847
130.782
192.22
296.841
182.718
144.866
84.625
117.277
287.47
179.556
208.338
285.997
341.497
186.271
103.452
254.356
355.091
108.683
325.788
303.638
364.463
283.554
267.567
170.633
99.6393
230.421
132.632
125.515
208.406
286.462
297.877
349.864
246.87
25.4951
289.238
291.092
153.498
45.3542
382.336
160.355
335.907
231.182
134.005
211.403
184.023
180.898
114.07
178.869
264.397
128.445
279.158
236.687
193.309
81.1975
256.832
188.703
306.933
223.164
264.317
306.607
133.15
232.955
244.163
178.037
286.545
257.321
81.8625
330.553
248.389
131.038
254.391
82.4924
201.877
108.226
95.0723
238.908
94.8947
83.2166
175.68
100.225
98.0459
282.331
178.539
76.922
256.335
219.428
259.494
297.879
161.357
248.057
125.985
203.551
199.85
72.8354
353.062
248.649
163.821
192.619
278.097
88.459
54.5619
204.13
109.773
271.086
54.8179
266.389
171.82
178.908
260.396
195.914
200.364
118.971
119.921
201.933
213.479
296.937
322.8
289.771
264.214
50.1597
288.234
229.449
252.04
87.023
305.584
221.138
326.747
140.577
195.673
115.122
131.711
205.764
241.514
188.818
230.789
155.125
235.518
270.187
152.17
61.2944
276.276
257.971
264.835
355.183
191.442
238.221
333.635
142.151
270.419
156.518
280.714
267.933
216.87
251.247
241.477
216.532
206.41
199.183
229.065
213.634
246.549
173.215
213.13
40.3113
92.6553
371.29
228.101
245.312
309.633
74.5797
238.48
340.758
311.006
248.63
215.915
199.278
124.016
252.737
329.869
283.172
327.896
60.208
196.027
224.644
144.087
39.8497
88.0909
238.809
240.601
69.0652
369.293
329.587
363.573
279.758
335.828
313.593
114.337
299.242
142.119
199.773
280.092
188.409
334.731
115.261
183.35
204.574
140.036
269.302
190.612
149.08
165.94
354.372
260.51
315.486
160.067
304.42
140.744
97.1288
129.097
248.699
205.255
131.537
238.433
138.917
285.37
133.795
161.409
334.077
239.238
303.405
336.074
390.464
143.725
199.45
197.783
320.847
182.428
202.432
176.505
386.077
233.278
61.6847
220.666
282.72
210.773
236.274
329.064
167.621
200.675
276.801
100.846
260.286
239.702
140.581
266.629
289.281
214.158
177.661
325.946
94.2603
170.823
227.068
140.812
287.335
151.183
170.836
218.82
270.591
177.584
233.636
133.645
133.66
255.437
300.359
99.5078
242.28
173.405
240.169
203.403
115.457
104.393
82.0244
349.759
160.707
100.432
191.103
278.097
120.15
312.698
377.97
131
157.211
242.94
275.218
55.4437
342.806
169.317
260.192
204.891
218.248
139.635
91.4142
243.441
243.148
171.231
195.059
282.099
70.7248
395.042
314.529
248.697
377.368
260.758
109.385
205.548
282.392
304.569
298.616
244.182
313.209
314.932
334.967
105.926
269.353
142.566
205.842
313.132
276.152
89.2693
201.272
309.233
303.705
316.272
36.1386
153.805
338.575
213.763
83.7874
305.588
240.379
261.184
36.1386
216.189
216.502
73.7564
62.3939
127.122
164.15
326.784
215.675
240.222
230.901
295.701
265.609
65.8027
205.477
334.731
191.085
299.322
171.076
319.925
289.616
179.612
119.239
101.769
123.676
273.618
282.86
290.043
269.115
159.358
178.25
244.251
103.414
297.849
127.224
167.992
213.577
325.771
216.59
190.046
278.961
61.0737
216.627
269.131
335.284
197.56
201.746
117.886
247.743
93.6483
271.1
265.499
301.942
257.682
131.575
38.6394
115.434
271.155
302.973
174.499
92.0054
234.617
281.864
179.011
270.501
257.031
80.7527
306.459
216.922
301.321
87.9659
310.872
119.038
163.313
292.826
252.241
208.978
117.555
263.532
356.109
206.675
256.458
220.857
258.217
158.45
159.789
165.245
293.363
127.094
361.448
369.204
343.826
326.703
275.394
58.8218
290.083
71.2531
214.636
41.1108
223.453
177.333
236.241
200.561
282.554
163.417
104.235
262.104
266.964
335.104
178.66
