0.019245
0.092341
0.00029
0.114369
0.125945
0.144171
0.078023
0.051184
0.230241
0.001988
0.050509
0.071834
0.08842
0.057564
0.000351
0.118677
0.00163
0.209804
0.081246
0.119627
0.021481
0.050209
0.123578
0.027859
0.128965
0.116654
0.008713
0.125157
0.00468
0.087579
0.099951
0.134505
0.025743
0.086354
0.005875
0.144777
0.001355
0.116409
0.046727
0.052453
0.145551
0.064291
0.151459
0.000362
0.070617
0.000308
0.000213
0.140773
0.046793
0.141743
0.207308
0.113053
0.105109
0.000634
0.07859
0.007844
0.218735
0.00029
0.063646
0.079421
0.128994
0.083241
0.117945
0.011247
0.00022
0.046249
0.001733
0.172238
0.011469
0.001206
0.126689
0.119491
0.07146
0.139919
0.126492
0.045982
0.044799
0.005325
0.125705
0.13118
0.016223
0.000172
0.002694
0.004751
0.005312
0.124972
0.126549
0.086728
0.008143
0.154039
0.006914
0.014382
0.001676
0.066796
0.000774
0.082692
0.144853
0.011703
0.07932
0.000188
0.000259
0.232254
0.007112
0.180536
0.00628
0.001197
0.142827
0.063376
0.085549
0.08707
0.067279
0.132267
0.068148
0.128951
0.012069
0.125292
0.12713
0.120224
0.012832
0.096635
0.000371
0.027198
0.173435
0.031203
0.149557
0.049411
0.122676
0.115427
0.000319
0.008354
0.001415
0.000178
0.098473
0.025736
0.144675
0.050814
0.13163
0.118404
0.099832
0.000215
0.010254
0.090023
0.083954
0.007991
0.000253
0.206694
0.007917
0.045787
0.000244
0.128207
0.011969
0.000332
0.066256
0.050201
0.12254
0.004072
0.009207
0.134677
0.006835
0.027506
0.001247
0.093359
0.011505
0.119319
0.080242
0.125921
0.115575
0.009288
0.0093
0.047503
0.054562
0.209529
0.144927
0.001101
0.00639
0.130893
0.006387
0.04592
0.010973
0.006732
0.000731
0.069116
0.127064
0.071744
0.130367
0.074777
0.00023
0.085703
0.082542
0.171876
0.12927
0.103777
0.000792
0.00757
0.145603
0.126467
0.135101
0.00097
0.07173
0.00398
0.187234
0.111045
0.000318
0.010273
0.045914
0.133242
0.222159
0.130698
0.044545
0.122245
0.000186
0.000236
0.08542
0.000343
0.081204
0.116264
0.158112
0.13101
0.000376
0.008423
0.004588
0.119899
0.121281
0.004541
0.007771
0.098777
0.001852
0.055255
0.000378
0.131455
0.043131
0.000227
0.135026
0.132247
0.001383
0.062282
0.000266
0.002564
0.091531
0.000216
0.126994
0.129036
0.046984
0.094729
0.053194
0.160522
0.172206
0.093096
0.080546
0.001825
0.069491
0.000312
0.046135
0.205034
0.091058
0.086229
0.004639
0.005257
0.23113
0.067756
0.12798
0.141159
0.078728
0.007109
0.150222
0.047806
0.129399
0.000306
0.09063
0.000225
0.000218
0.042705
0.049005
0.006808
0.064531
0.160022
0.127082
0.00075
0.000152
0.045489
0.000419
0.096841
0.014294
0.150124
0.001375
0.000277
0.123543
0.050228
0.132201
0.000981
0.010791
0.146218
0.000462
0.008311
0.131674
0.011667
0.07498
0.144459
0.114746
0.001064
0.122898
0.144748
0.000227
0.066112
0.223232
0.010146
0.119164
0.067799
0.086635
0.145609
0.055693
0.00297
0.013302
0.088974
0.131305
0.146406
0.09193
0.046245
0.193833
0.116769
0.19103
0.13194
0.003591
0.001176
0.140812
0.166486
0.14545
0.119495
0.005251
0.107888
0.115032
0.142647
0.000495
0.050719
0.045313
0.052409
0.119629
0.131555
0.139955
0.130306
0.217951
0.003099
0.205547
0.077071
0.143671
0.132375
0.169086
0.131238
0.001858
0.005799
0.001624
0.007172
0.065917
0.152693
0.002845
0.000242
0.005109
0.166046
0.06155
0.010193
0.0036
0.000653
0.128033
0.13377
0.000572
0.070591
0.140771
0.000266
0.000225
0.006587
0.075864
0.005041
0.027973
0.143201
0.001824
0.085283
0.004445
0.000381
0.000252
0.121006
0.046204
0.000215
0.009245
0.049738
0.117747
0.108073
0.014681
0.07291
0.124499
0.038896
0.000187
0.14443
0.145726
0.065673
0.092871
0.009962
0.041611
0.062801
0.000251
0.082377
0.129206
0.046022
0.145653
0.14738
0.014546
0.078329
0.07262
0.180315
0.051835
0.000397
0.065763
0.117126
0.000262
0.000172
0.070585
0.010545
0.078879
0.067023
0.084428
0.010251
0.005325
0.007327
0.001027
0.176451
0.026377
0.050736
0.084672
0.070956
0.000264
0.013213
0.128779
0.025845
0.09752
0.128158
0.026293
0.00704
0.129108
0.14878
0.000235
0.008445
0.010804
0.09181
0.000278
0.000253
0.132335
0.012409
0.070058
0.138838
0.049488
0.000379
0.080374
0.191083
0.000411
0.027987
0.000211
0.000156
0.021333
0.007683
0.000889
0.159242
0.004918
0.000268
0.001316
0.04738
0.119158
0.146819
0.000219
0.075578
0.107575
0.177612
0.220722
0.127788
0.001332
0.164449
0.127212
0.001133
0.000574
0.136602
0.12202
0.005354
0.129997
0.086995
0.113016
0.13722
0.128689
0.000219
0.22354
0.165292
0.068723
0.026119
0.001438
0.000383
0.051587
0.047037
0.011455
0.021468
0.228187
0.046372
0.123825
0.000328
0.123299
0.050091
0.042072
0.048396
0.117655
0.074869
0.136417
0.14854
0.130787
0.043087
0.008949
0.080618
0.126745
0.130196
0.106424
0.064017
0.000819
0.000341
0.04311
0.00777
0.00079
0.000758
0.000531
0.159333
0.005764
0.126751
0.126355
0.127359
0.049369
0.000209
0.086061
0.155511
0.031832
0.131114
0.00018
0.129806
0.081033
0.088098
0.084929
0.009837
0.14205
0.101141
0.134803
0.066108
0.136705
0.006812
0.122414
0.087962
0.094437
0.081485
0.000296
0.098757
0.048576
0.001111
0.000185
0.147679
0.058957
0.049005
0.199677
0.134804
0.000175
0.050806
0.003187
0.076255
0.00559
0.000155
0.123052
0.005998
0.011618
0.000531
0.008319
0.149559
0.070067
0.143089
0.00022
0.000162
0.142432
0.118887
0.043863
0.12908
0.025935
0.003951
0.003524
0.004778
0.04876
0.010017
0.076337
0.006123
0.068223
0.00688
0.048011
0.225772
0.137046
0.049387
0.072115
0.00436
0.01723
0.013952
0.001869
0.117581
0.008213
0.153573
0.000456
0.146874
0.011059
0.053123
0.051548
0.14257
0.13967
0.131087
0.078472
0.08407
0.060348
0.177806
0.001727
0.119099
0.000285
0.049784
0.012557
0.118128
0.131895
0.059079
0.117903
0.046102
0.11756
0.087733
0.013918
0.157829
0.04646
0.220639
0.005124
0.007805
0.008978
0.082827
0.01023
0.007663
0.151444
0.000361
0.044898
0.076514
0.067786
0.114221
0.126993
0.000825
0.044428
0.143925
0.006826
0.088511
0.140023
0.0014
0.123466
0.04542
0.048125
0.190861
0.131099
0.118444
0.090912
0.000765
0.001106
0.133072
0.079932
0.132434
0.065521
0.126179
0.001443
0.124742
0.005312
0.065141
0.002103
0.027257
0.001753
0.007152
0.049279
0.147752
0.000781
0.026474
0.011981
0.004749
0.000215
0.025787
0.007498
0.132371
0.000827
0.134982
0.184517
0.000187
0.006708
0.00019
0.00194
0.093269
0.050024
0.05835
0.077538
0.103248
0.126867
0.146831
0.230319
0.000355
0.000292
0.003357
0.092935
0.175346
0.000258
0.139332
0.184516
0.003386
0.099669
0.119089
0.096234
0.000743
0.008375
0.203399
0.019166
0.13674
0.02475
0.134908
0.018085
0.058174
0.133562
0.115849
0.000183
0.003963
0.082073
0.16214
0.095646
0.076028
0.000252
0.000254
0.000278
0.000553
0.075361
0.092511
0.133256
0.000358
0.150289
0.015165
0.063886
0.135417
0.127905
0.186017
0.181162
0.137927
0.092311
0.094158
0.00496
0.074978
0.135825
0.227416
0.001387
0.050059
0.000226
0.001887
0.132913
0.008028
0.010941
0.009084
0.005469
0.128156
0.000266
0.000199
0.00472
0.15782
0.0923
0.086185
0.12127
0.009802
0.096544
0.125727
0.144017
0.150507
0.06338
0.013025
0.000143
0.005066
0.015456
0.000262
0.000215
0.051722
0.000443
0.118764
0.005076
0.077797
0.118728
0.044654
0.011562
0.114661
0.001584
0.129555
0.073323
0.042767
0.003308
0.013693
0.00104
0.076467
0.00892
0.193205
0.074622
0.009391
0.122128
0.065624
0.011117
0.047887
0.12582
0.118822
0.000203
0.098516
0.000205
0.077363
0.003598
0.04794
0.062173
0.013591
0.130331
0.064321
0.126645
0.058486
0.000215
0.078994
0.071602
0.027967
0.001853
0.018602
0.002645
0.000996
0.09408
0.162314
0.121072
0.053756
0.223407
0.008796
0.000314
0.00509
0.000149
0.132835
0.062235
0.136902
0.090347
0.007612
0.090204
0.000954
0.007287
0.089373
0.001253
0.149753
0.05684
0.000204
0.162873
0.178265
0.105189
0.137233
0.000927
0.001479
0.144415
0.181496
0.08808
0.008364
0.047492
0.014663
0.123745
0.013632
0.000346
0.072385
0.048764
0.157038
0.20514
0.008169
0.000489
0.116996
0.179756
0.12442
0.008278
0.080428
0.004592
0.001336
0.112678
0.001479
0.005474
0.009021
0.049081
0.000232
0.00018
0.193188
0.12232
0.007311
0.075979
0.001289
0.164869
0.008448
0.124721
0.122825
0.001301
0.050967
0.004275
0.00658
0.011791
0.044205
0.0417
0.008691
0.146604
0.119863
0.196995
0.044038
0.047364
0.124114
0.00019
0.010192
0.002282
0.108179
0.140202
0.001652
0.127719
0.070764
0.012003
0.052053
0.089251
0.049398
0.128844
0.09062
0.001582
0.14233
0.045552
0.12495
0.000505
0.000283
0.043067
0.044834
0.044699
0.047935
0.126846
0.095732
0.151017
0.065364
0.093004
0.06777
0.000194
0.088546
0.000176
0.009455
0.000832
0.003443
0.00039
0.050514
0.133944
0.001562
0.079851
0.000245
0.081908
0.001804
0.048649
0.067339
0.000236
0.008221
0.000423
0.146635
0.052091
0.112814
0.000416
0.125321
0.13677
0.166318
0.066185
0.173161
0.122121
0.121249
0.050106
0.106429
0.004232
0.031212
0.001062
0.009625
0.133075
0.012584
0.093772
0.172801
0.001142
0.008606
0.128015
0.175743
0.000219
0.104267
0.114633
0.056126
0.00606
0.027665
0.003593
0.116905
0.004442
0.000227
0.142806
0.001651
0.096019
0.143041
0.003374
0.067825
0.096432
0.117837
0.116001
0.049347
0.002207
0.200424
